80687
64434
98732
157695
206365
200653
143578
106540
136986
198390
203549
100748
11413
85913
252906
291400
176169
74522
107619
199051
218750
156095
75847
60839
125219
177578
170438
146628
141282
145507
159010
204174
237482
207001
135544
92402
100822
121334
149741
190620
180950
123730
123952
198548
251219
219372
146418
96050
92879
131892
175076
190367
167861
131377
113120
135340
208110
277546
279091
229909
141011
54330
85866
192446
229584
206516
161583
119445
163103
275552
309315
202157
39956
9949
81143
205729
277921
277042
240979
195363
131554
62141
57405
141458
236885
264446
257963
286336
317407
255894
106487
7984
36002
145374
233851
243629
221055
227510
239088
233404
225318
178032
99521
72249
107242
151228
140934
88131
106126
238923
346610
299454
162312
78967
113469
199724
222385
169408
122057
134069
209630
271786
244042
149090
62350
57608
148909
244838
253481
186227
118962
123941
181270
208906
181624
122784
95722
145137
204411
220486
228451
240215
214960
166852
143718
167603
205749
216385
183174
134349
104373
104011
135192
186203
223210
225387
211442
217234
243308
207601
99218
14314
40371
172144
276081
262764
193212
169429
182291
176861
158292
139231
146806
213413
305393
345282
289923
184919
103030
84669
134744
190896
207991
192495
141270
105588
161157
249259
252351
164494
59875
31747
115369
192102
167809
100931
100156
182686
259664
259893
199645
137847
125325
187648
269765
262524
174723
109486
99165
116458
170059
248392
269984
221476
170633
148793
132910
106197
92756
88382
107607
154953
167972
156593
173693
190155
181647
166876
139588
107767
116256
172677
237952
277245
290952
257284
162545
66988
48604
113152
172155
180768
201362
237739
239954
204979
167977
157052
125250
73695
60848
93701
161930
238492
267000
233642
202180
225739
278066
269474
159759
71552
91789
168791
233768
261102
220331
109483
29503
51051
139511
224639
253253
239055
221710
207188
177300
148492
131211
125701
149299
208140
254300
230142
163520
155125
236169
308948
271154
174817
151677
192112
204237
177402
166255
159038
88901
5506
11955
120938
263857
285974
225305
166387
159282
200909
235280
197843
94031
49507
158753
338602
403427
279530
113663
32089
17205
54439
157308
238362
249525
253882
238472
159358
76272
41714
48282
122339
244954
302706
249733
141874
65538
99027
225086
298335
251161
175413
139719
128400
99256
64743
71430
126693
218635
309412
321072
211587
40132
5098
11869
76109
198215
304261
316960
258751
203842
145242
95128
136450
231942
255306
202531
163110
189247
237396
216673
113610
52951
139358
289357
336025
215764
61919
49696
161401
245496
205346
97599
60400
113969
168416
179055
141912
89113
109188
224544
336347
336278
246732
157938
78636
32487
100599
257094
355031
306677
192980
156750
215867
234040
125267
6950
27741
184883
356333
378104
263174
132104
69740
78888
118697
134109
101214
77125
115233
217393
310857
294266
172029
70888
94158
190049
252581
254365
205048
113223
64489
114079
166333
149556
133878
148465
161425
206927
274418
267043
155562
48055
55839
152062
231538
238850
196525
167728
193301
225869
197312
113685
42198
41108
141235
293446
373027
326940
206109
82808
8131
9090
46142
128591
188055
227461
259992
261680
217898
158937
104860
86788
149216
260763
332517
307403
224753
176086
183638
176607
120776
98663
165704
236489
223196
158963
127567
128351
137595
181633
220262
190697
115460
67646
88825
154276
203172
200103
161706
136525
162426
232600
294544
282036
184090
90784
106598
179002
204452
191858
179333
156703
161408
228070
279739
236157
113839
25700
57015
181909
296148
300382
193507
71219
36293
98729
195999
267544
265760
183496
96550
77896
114759
167518
202107
199106
188893
191403
166654
84230
8166
36382
185177
318002
310578
197125
84337
67121
132677
167031
140144
131962
170415
217860
214874
159965
126680
164972
245486
273213
221339
163314
148414
132147
95128
94434
150833
226327
255560
210635
138407
106181
147488
205380
218821
188939
96931
9233
30782
141829
265038
315734
282594
241170
211756
178183
186379
241721
267421
249321
229003
242150
272971
226693
97052
8514
31235
146575
269469
297941
195654
47067
22478
128331
214734
145948
26304
53033
215670
336234
293765
160053
120127
208687
273284
223743
132759
87928
128859
237884
295106
243779
180645
149872
89895
13682
24289
133325
270857
309506
220766
85577
30850
100422
181700
186319
146378
124160
183935
287449
282174
144945
44512
108973
259893
307779
202717
71560
28185
83811
182993
250650
238601
155995
61359
15162
40598
148673
292570
360626
282889
121526
20745
79637
226853
305120
281737
220367
198955
215102
195229
130739
78746
82611
162429
258540
253981
137013
44099
82336
189254
218123
155256
146381
226675
269263
189721
63925
28217
110769
250090
339831
302010
205638
152727
145256
135601
122725
143899
193808
230071
230846
185514
128712
130814
200143
264377
270970
241208
220160
212033
145956
19553
10366
81693
187175
221423
180021
135256
143471
216991
305407
304438
206682
129068
106476
82319
56767
56154
104474
211937
323993
356681
304229
205114
96221
24467
17151
83488
244960
381884
359748
202866
64367
66070
150358
154665
54856
16680
137389
344618
425038
275342
56727
20989
141322
219944
118399
4618
11576
155365
346609
388359
256293
83198
43826
154443
251562
236279
151444
111246
168602
234904
219700
151999
141828
214601
247067
180149
102283
113184
211484
270238
192644
65377
50978
138855
174946
105649
29877
84622
281552
416653
311421
62467
6756
124539
339067
365296
178624
18625
71864
244894
316157
200958
38782
28633
176904
327410
346687
291888
259846
212114
67871
4652
8067
105023
258611
316686
310329
327003
329787
260473
140843
21433
5858
23879
138853
293316
362117
319843
250170
181526
90165
7384
6776
40809
179263
335592
394526
326540
197734
102946
80245
98706
110845
95576
91031
123050
156298
166434
190884
276414
340422
267769
127056
69668
89803
78685
44512
88502
210027
295109
283919
216042
155077
135712
160643
185285
171494
120467
72847
102072
170869
177567
146418
166819
210892
178562
81151
40012
109843
219149
273863
289611
321266
326072
237749
107276
46220
81159
177359
262349
258244
188229
129648
112763
138391
195084
249550
263501
219964
137581
60691
38432
92156
186045
257988
264071
231338
198961
160973
123144
119752
155096
188783
180601
170644
222179
292686
277644
153767
33355
29425
99841
156165
183145
197536
210037
224047
239267
217336
158640
136719
150054
119874
60635
71192
169775
295171
383098
367098
230652
80950
52794
142290
179737
54532
4585
6723
141781
385271
448287
303791
164510
179142
257848
205494
14436
4636
38385
205590
319875
339929
326440
267589
145319
19122
10257
71406
187880
255045
225862
139542
124940
248014
374566
340401
145390
4716
6033
54469
177459
289266
365985
389480
336469
192923
27306
9101
77752
195386
234430
181177
137272
172586
235865
255691
224046
161296
107790
102788
130233
158929
182154
216434
274632
334483
334247
232375
68589
5014
7067
34986
116494
228304
360121
447480
396354
198377
4757
6613
87168
242950
298146
219088
109040
94525
192333
280571
255714
144542
75434
125904
178011
136956
90079
115616
176676
194575
154565
126471
145472
174721
173925
143345
131885
175480
238451
273505
272574
244932
213203
188110
158317
101930
18740
9360
72282
215814
322334
336284
263000
129961
43797
75146
155598
200388
207063
203324
191755
178105
171303
125380
50880
53827
165213
300954
374068
340048
212717
77559
31260
92108
180459
221100
225024
207597
174330
138888
119241
119475
144213
203695
257347
248934
171445
98016
99276
157330
212941
219413
194357
166881
131970
135087
223476
306684
243252
70314
7614
63584
197979
289896
259774
136876
44329
85288
209152
282833
252294
171397
102971
91211
167746
262398
253451
165895
133619
192877
260880
260736
210099
160871
123227
100551
107585
139912
177008
208531
225490
207431
136681
54450
25729
59810
119653
182075
246574
293616
308066
267641
191936
138272
121525
134475
156083
166061
182122
192488
192709
208668
225135
201563
141666
100416
119878
175827
192116
153500
139011
186889
232049
199087
115864
72856
100205
134227
122720
95745
131543
255437
357593
323691
204674
135878
121884
104935
117256
163433
172745
110747
50022
88596
182946
244908
259891
205739
113219
70051
123779
251656
310936
180622
5027
14498
184883
407748
451163
303797
164842
168092
219772
181620
74034
17752
69542
185962
271001
275768
198912
49076
4840
14478
130896
304918
415578
409995
275076
73289
6040
38986
140076
219232
250549
238262
217010
216828
216391
210046
199517
184756
164827
130464
115958
144920
168029
134922
94482
123231
196935
254151
267795
225280
145711
106531
162532
240975
218998
122396
87686
144418
212387
225314
191828
138398
73640
19734
18896
66448
158155
290406
412063
405976
255852
93153
46225
95741
119380
96886
111453
173849
233460
269623
271522
245939
205121
135762
66964
51180
78008
118882
173658
236622
292678
287594
218960
149746
83939
11795
11674
103644
290992
398283
361042
295897
265833
184358
19706
4623
10511
132561
307671
373234
341034
280532
220475
187061
159822
78647
5421
10931
106961
255447
311973
286450
260995
255957
228352
162892
124281
145555
186722
203573
200650
211485
204001
144178
59378
6940
11957
88447
234981
294568
199504
95036
121585
229987
286169
233116
119120
50619
78858
131890
179703
266739
339564
294882
157678
54094
62845
144588
219439
227010
161143
83102
67155
114846
138763
121552
130285
197960
287706
314322
233153
96981
30059
90603
187600
215018
193130
173119
152218
146726
173492
209883
221571
200525
175971
176962
168682
119144
84466
108865
193977
311079
358758
253035
65226
6640
74125
256938
378728
348443
232855
149039
143600
184724
202334
133234
22845
12090
64489
155505
211867
191349
141170
154905
248629
329412
300734
187403
85720
50025
102275
229586
320523
259512
98748
13655
90366
250209
318138
245852
139699
120511
190312
243777
241697
201782
117043
15478
6021
23492
106499
192733
236313
228288
228742
294091
353481
302040
147195
8160
11409
129490
345410
429599
296087
99633
8428
18500
53794
93078
131019
164340
220406
299534
314109
235958
145276
97180
101988
133490
138443
112312
108536
185814
300895
371645
374326
303622
202165
140347
110954
82011
58265
51916
74552
118339
162870
170923
119845
97946
183098
274987
240956
97162
8145
75933
255120
355715
311086
210834
183485
254221
275853
151615
9198
21525
137030
244541
261454
226376
202587
183870
138348
94864
82930
101699
128466
129840
108610
94768
130413
221912
295798
269288
178193
137485
158366
174082
151553
104969
95876
179739
308074
340471
224851
58642
5933
21144
98074
185489
225051
237679
283394
304105
221196
114154
100086
170288
223067
174983
89844
102451
217010
333940
379035
338292
234718
111904
12026
6614
25713
91741
147982
200941
260905
288497
270705
222502
132420
41999
37859
100227
158321
202784
242371
279296
309932
291996
212844
170785
214899
233468
168331
113410
117023
140146
160994
154594
87916
15376
31874
135315
239201
263608
254081
263780
279912
251163
150770
83426
142224
229373
212695
96354
9595
20635
96635
231884
354043
371111
302005
219487
141058
78589
64961
84267
96668
97162
113260
152811
223860
308311
323568
240131
142765
119554
149376
150128
120618
124060
175446
247142
277784
227498
129434
36891
18047
86317
173894
179180
136418
163697
281326
351983
282895
159271
78518
56011
86974
126337
132951
154097
221198
273275
275021
231388
139975
59243
64720
164286
284442
347535
322437
219102
80497
4979
5248
21090
136698
285556
358969
338901
255607
162209
93423
46428
46549
119521
221148
285306
273046
179110
81499
59497
99347
153628
208233
245048
234499
237698
279385
265321
137878
4634
4581
35266
253446
457282
460075
314749
189851
140910
97452
38473
14413
43122
126023
233575
317719
312126
200077
78701
41681
92094
188716
255636
237877
160622
125087
191142
306717
347212
249235
100823
36929
95270
197574
218994
151687
122654
174504
230136
215536
123380
35711
29968
94800
195361
278548
303811
288918
265095
235819
187440
118671
76639
93948
144001
222759
297757
273678
138507
6837
11357
107246
242528
265671
203594
173833
202159
211360
180354
157770
145656
132225
134700
171034
231276
263840
246945
219081
182784
127754
81400
72367
108389
167093
218926
248285
218805
149315
115591
121241
117186
91835
61456
87111
197676
297331
335598
338011
265058
128198
20396
19248
96284
192221
247082
270859
260498
207846
155862
134212
116750
68283
22414
58601
172321
270965
294875
255459
191927
103418
9290
11736
115067
320169
445604
390098
211146
56441
21207
68620
122291
149842
166674
200658
248065
273778
232505
144093
91261
75173
64081
74353
150990
277851
331223
227999
70534
42948
169684
302520
296752
142365
10617
35382
172791
329828
388185
307015
141466
21821
20270
55557
79021
116026
185457
215709
155146
96294
164425
311935
359210
250075
105849
61755
152984
271295
300878
244188
175464
155384
150563
118027
90535
116010
185168
247258
243784
196901
202305
228326
186211
105535
66711
99696
151676
179243
181945
171565
166396
183431
230979
261647
231076
162702
121249
137060
161030
161301
181454
240686
270435
228596
171926
164989
186171
149618
80137
90224
153712
156627
116886
116973
172897
232671
230164
169786
127576
129687
143629
149273
129197
104203
133247
221863
312633
320743
219765
129701
164603
245964
224489
92220
8442
64664
200220
259416
180956
32275
10259
102236
238227
287870
275059
236907
202890
180679
136588
99025
118919
168080
206266
218945
223543
237784
216884
130676
46680
51117
164012
293968
272659
101930
6950
60222
216817
295444
188764
44564
57382
202200
302071
243933
123009
105586
187445
244535
212772
156550
141729
154545
166785
196438
281845
355122
287587
117173
9023
20136
94996
187922
252934
276519
242676
181786
120690
62228
45212
98279
158824
168705
136498
116020
172139
253965
270154
242696
227183
215497
182240
140528
134374
193443
298468
342004
220860
5571
4626
38679
207014
319972
306060
230976
199607
224784
205355
113074
39449
26904
69519
162297
279462
367021
346088
221250
84528
21842
48448
131299
233243
303989
310239
250141
175231
160891
159711
94518
12849
7209
36338
161216
288327
321050
276760
207733
140790
103857
95216
125965
224498
323533
330352
255847
168735
109610
83029
78248
68738
76861
113092
145070
178810
238707
297722
304501
245539
157262
59055
5586
10150
75782
222212
340690
320094
205266
140867
179206
247864
249338
183581
129358
150387
232785
277775
231592
143746
88292
110172
181383
187027
106318
76621
159125
250678
236776
129392
66430
129736
241024
272347
196699
101691
76472
146408
244938
280211
226201
121634
63519
106214
180436
190957
145829
123176
147229
176949
162940
132045
137601
140494
114473
127195
204471
277513
282039
219430
157590
144898
154503
168073
190910
217394
223031
185342
143990
133802
121665
113649
135189
154675
157528
187825
247850
290330
243608
95955
6223
37439
158324
261982
284620
248732
201145
165706
157466
155511
143866
104802
40270
48353
191626
397287
497576
351592
67584
4891
56343
238848
328998
226538
52175
19438
133813
253112
245912
146895
93269
110476
125479
137380
182676
266410
318939
283200
194730
111501
78431
109616
182065
225348
205126
168149
163480
184268
191925
176564
180604
222814
229005
151314
68952
66373
134945
208214
235783
206387
159824
161449
230757
319651
313207
169943
33712
45013
172792
278463
264288
168777
94546
89081
129464
168990
169282
132255
108747
110311
128043
152736
195526
253779
253940
167547
74367
49507
88714
149215
182445
201064
229055
251677
263657
249804
208688
170495
126235
73778
69418
134184
209742
261896
291754
255737
145152
39312
9778
34477
100972
149949
193579
272905
317323
277147
201299
123808
70397
60940
100581
163431
181070
168118
233725
344483
334842
176130
22010
24924
134544
240806
279927
283586
254506
194662
137319
96613
71811
61615
69051
139252
258116
288533
206701
133252
125897
168476
195662
165561
129384
147574
202786
231609
215707
168066
134263
155578
205076
226187
175644
82918
59779
132073
221023
281752
292531
235331
140903
48140
12919
67528
184765
282026
354853
394453
332637
162856
9686
11031
66935
153230
246216
318598
324618
262666
157470
76594
84826
130570
132870
99411
80325
117424
227331
332329
278126
98989
8162
54522
167918
238876
249878
261686
294226
270386
160438
72143
60142
66576
76871
136333
237607
308432
291515
199613
131764
138610
144162
107046
81917
110587
181095
245594
244611
168500
93699
99075
165870
218029
205030
167200
189661
237422
202776
103109
70809
156588
259507
260568
153289
52080
43355
117416
228693
330003
358340
295991
190987
83771
32474
86165
186058
227826
195471
146539
160866
230746
245555
159082
42452
14955
89161
205148
281452
280575
186591
46726
10493
91306
233218
283842
211156
138783
171573
260738
321805
314840
230398
103146
12233
24372
118048
219453
222716
160916
127109
121532
153740
225588
298210
337629
305395
184896
35444
5858
34147
168154
299157
316919
222072
104053
57377
110723
225050
304005
258400
128078
37859
55257
116910
157692
171309
159561
166539
214652
248357
228804
162508
123098
182881
284128
305379
210889
82370
35677
107787
207814
238605
213648
164627
114004
119453
172747
199329
206140
210008
189380
178935
192140
152705
48057
13722
122504
308920
399104
345121
204654
92670
98579
154084
160717
137231
135713
176377
224280
240981
226074
182016
128297
77510
61674
146835
291975
353713
255188
90746
37225
130566
231180
191421
33666
5867
66623
249244
359284
306242
169852
78628
89752
167763
230085
212030
158290
124284
100586
95538
109710
128068
158429
208908
248624
255500
231156
185405
148789
146480
157377
176652
201334
203891
176793
135081
101350
118151
161726
163039
136117
137076
185163
261746
293696
213532
75910
12237
45569
106141
153214
192570
231564
279308
313884
283924
200792
153916
134534
95589
78388
122044
194440
226323
183951
139810
146999
173710
178377
149259
110418
106080
184193
302665
338341
270574
184322
129876
105791
96869
95710
114172
207487
336679
372914
277288
123976
12867
12498
81682
203718
271328
253139
182569
114202
130024
235315
329208
293131
139014
29106
61954
194800
318608
321148
199376
81166
57778
126089
217376
254407
209525
106621
32089
58212
150479
219606
230852
189035
131208
133784
191502
220638
187839
104088
31095
76378
230084
332002
285227
168193
111206
134623
159678
149760
139264
140231
150289
178124
220398
238549
229645
217458
184839
111281
44924
28567
77820
186977
290668
316498
248486
146540
83122
76961
137831
229570
255578
201291
128828
87731
92586
131839
184998
218735
196468
112441
27056
36990
141338
248651
308410
339028
347267
307421
208352
73125
6633
51187
206086
281716
188421
71842
96710
249873
326188
193233
5829
10342
134333
301948
311464
164030
21450
33679
168986
292875
292771
190764
102759
119770
194000
243757
273197
260688
168497
59277
52676
177590
340477
386792
247338
54165
8628
58817
123995
101956
54337
105008
278670
423873
382129
183048
7941
25167
189062
336120
308810
155604
43537
88612
210396
267032
228250
143725
73731
46906
81160
145742
158079
127965
150782
233762
293478
274947
171687
34921
10563
107762
291312
396046
351869
224443
146722
171775
200152
151406
94173
95566
147634
213125
254928
253487
187149
54966
4969
25919
199285
353555
295150
98114
5828
53557
218356
330639
309925
227170
191952
226040
254034
205875
112229
71911
129133
231167
291446
251268
150219
88160
93928
119884
109909
84515
100501
178732
268284
289100
214643
100112
42865
73068
140297
196661
236080
262183
253612
204724
149009
112270
98850
104051
119101
134075
159455
193292
219781
226869
211225
189618
168467
162050
185825
204974
171671
118747
132397
205714
230414
170281
120167
129912
130814
114991
142587
208566
266730
266616
169508
38618
9559
54003
177967
291653
290547
194142
119831
123112
152027
151884
130812
145443
238451
326225
279868
101736
5348
33844
171618
285716
275304
164579
70268
92424
196872
262725
242676
190938
180543
195116
189117
198150
222118
213818
188420
146859
90228
102473
192770
272452
280928
216919
136550
116377
149763
156543
111254
76455
135441
248046
282593
233472
194207
176171
153778
128609
117373
134157
161517
201252
251038
252055
183181
122529
137987
226679
286674
229199
121680
95657
151014
203253
201752
147350
104956
104861
125764
144946
136087
102922
120042
208989
270325
246014
181006
151375
179288
183188
142626
123672
117934
93753
74214
130012
282547
411082
372696
173623
4800
6273
82545
259328
327497
242365
141751
144948
221179
228546
108492
6805
33634
154808
257241
251893
209823
254485
299347
238524
141392
79659
82754
114566
95523
62706
106213
215147
302807
306096
230716
155743
143683
169451
161509
122689
131323
204950
232688
156815
94793
136957
254313
345102
279410
90379
5788
35372
164830
276747
280604
214231
187454
217605
194369
60506
4793
20573
160115
300520
360676
338289
256319
173873
131605
123328
112371
81409
65329
106705
168922
193708
203710
237728
281131
264619
163541
105707
135912
107869
6825
13277
149654
344323
387472
286083
191556
150967
117328
88496
107772
160054
204427
238778
269324
251511
150095
53817
54036
113498
156100
150358
114019
91641
105584
181868
310784
378798
278406
80172
5286
22457
162309
327906
369958
287682
177925
135146
171909
176641
114983
91846
155038
224980
229852
203705
200844
205680
179483
158823
180120
201649
166707
88006
64710
149246
258324
290683
234592
117231
19664
40793
139811
248635
330658
309994
192725
97090
90018
129648
127331
91463
128717
264512
366729
311047
175144
107361
117806
141737
168109
214594
224305
165875
109501
110515
160259
213084
228523
210800
155281
68056
40505
120674
224472
269036
244138
173133
113903
107855
150243
213610
226031
156921
74360
62757
117799
171785
179469
158865
143040
140002
168243
234170
273422
241024
162722
105820
151789
265209
313363
224391
60419
8085
79911
233647
309768
225592
57440
19255
142237
246173
202332
122211
118767
171206
204891
176201
147569
173718
211517
213709
183385
140951
123918
151880
195031
210909
181990
139153
123540
135643
159787
182534
204152
239287
262831
235779
176587
156848
188567
205080
181866
156775
186928
245256
235113
131277
16733
10746
109826
315834
418662
308812
99025
7284
48845
160531
235976
236434
186563
153596
158703
150163
140809
162891
205977
253914
270072
258406
269327
276498
185916
8644
4613
32910
211939
361426
348031
207743
69868
52146
125598
171512
167701
177216
235068
280268
247754
185246
175619
181430
123711
70405
80401
103960
126984
189352
268553
279444
207662
111314
38146
17249
51113
146577
254159
291188
263351
251001
259681
216792
113640
41485
70613
162030
235716
276838
287082
250518
175326
108513
101357
112101
79479
63023
95723
116642
132213
189496
278975
330844
252473
83500
8578
55414
159151
247121
318432
346697
306897
223082
151283
111954
89566
89589
124361
176796
213749
230164
244916
262608
245427
161559
54195
15791
48712
126798
211861
250852
272906
319166
308128
160955
4770
8816
144306
341706
373911
263537
155448
137232
164927
161653
125802
76194
29370
29504
81658
136148
178181
239832
287047
271354
239436
222335
196653
136023
67508
81226
189481
298922
322668
228026
78407
6498
25730
134888
235722
250380
242475
246402
214695
156833
105064
51702
41120
96661
162302
200378
187056
129450
135519
268883
377140
324564
181041
72336
71197
165154
250451
246174
163547
81787
75205
133832
198826
224159
203159
206255
238615
225078
199063
183067
108726
12246
13409
89232
234518
335171
313334
227911
167732
143344
152013
188526
210529
191038
153533
156724
230115
284065
217790
86191
14523
37628
107657
139298
114635
113032
175420
263358
321246
295865
195164
111111
91523
113958
150274
180599
221994
265267
270534
222706
144901
82679
63643
99158
169485
233085
248923
223423
165782
84885
50638
100443
170273
221954
272072
286006
237900
151758
79635
64646
120369
209385
275276
284909
224541
139275
90104
75324
85094
107278
150029
211879
211912
132609
64530
94326
219973
327611
304243
200980
140996
145401
171897
172750
155950
199267
284123
290668
207392
131132
88825
57646
38653
31246
78899
214897
352671
376184
272970
154216
99950
55125
13456
47634
165600
291306
349472
305383
222570
168297
128164
84913
56869
82740
139754
152248
155109
226484
307133
317561
244035
122493
50502
79232
124380
127499
153507
222885
278766
292263
261035
192133
111556
56877
69217
139450
204381
209016
164571
124398
96204
68887
89685
160469
210747
216917
208138
212939
218707
183389
127697
145752
250270
307271
229387
95093
49450
154347
286766
268910
136198
56077
94890
196383
259865
210851
116918
81262
111344
172153
215490
193710
128795
94693
135889
184949
173309
155639
166148
182015
215417
239184
203692
135920
99619
136537
228541
296303
271190
156921
34117
11800
75476
197607
288604
312007
267621
186358
127033
104074
102906
110681
133693
172087
225427
310039
347006
269556
140472
53215
55284
158670
261005
242191
131849
56935
109277
240951
329374
288305
140561
13171
14059
82535
178875
231955
248350
272543
277085
224260
139132
55717
20071
68368
198457
326383
338519
247555
166016
139202
153714
165145
127222
90034
107838
137863
152881
189290
241124
280037
264280
148823
9765
8680
53460
122524
168510
222356
290814
314464
235408
102239
28148
70167
180887
240452
225288
236760
315937
358383
257361
61380
5186
38907
198402
315220
269492
103585
6516
39848
175144
298345
310029
230380
169544
165496
168465
153017
130827
76572
8589
26509
164617
328911
370183
250224
80845
19411
89141
181062
216987
206517
165442
123375
143603
245351
332767
271095
86663
7412
94471
292395
388887
324115
210402
170050
197955
192605
90366
5046
6384
38547
124100
188344
258328
353192
390945
289559
105239
7686
45545
148038
221490
228536
191407
177511
195575
186380
132225
115007
180622
247912
224393
135189
106038
183656
248610
203271
104254
74395
133623
196338
211264
184016
150072
152781
198714
252480
265815
236700
178359
103100
59728
75170
126595
167162
162150
119362
92977
164148
307488
350608
195898
16286
31500
176134
282141
247387
148012
91945
101195
157136
238126
283412
249299
160265
110799
156899
237568
254167
199712
135726
112380
145157
217468
289629
281415
155538
29233
31355
111175
171777
206552
220457
202371
169950
149658
134515
112630
101556
135931
220046
281551
272724
236308
232269
228591
154986
68479
68559
129523
152001
135647
174522
278351
336000
275976
158214
81054
61641
87987
172324
254447
244754
123966
19176
91472
253926
296625
204427
148217
209823
243258
150384
48402
38712
93398
136977
132501
129790
181058
266597
286254
190212
79052
74657
197125
322447
312372
197088
103041
82533
112916
161821
208623
225329
179356
90073
41229
80621
177228
255519
249083
196715
175544
156413
96394
41230
37160
110823
239770
336195
325143
211606
97621
72389
133407
191396
196052
198518
226890
246291
231131
211515
226265
202883
99617
47388
113221
193894
196128
143427
135837
213720
293810
303318
236701
99374
5780
19304
121226
244932
294851
260935
213324
206739
212738
177925
111988
87228
138842
216524
248613
205147
83261
5059
15960
124585
268505
335856
264068
130803
76919
134300
243713
336105
353217
273426
156656
100353
119074
151183
134803
105959
137790
192732
226720
233675
200529
136527
79017
85234
159868
218601
199433
144426
108695
120670
167040
186332
175669
191160
244992
307995
304469
190382
68399
60195
138878
192600
163994
106519
110802
155319
159038
144217
175069
253356
302325
230403
122244
131380
212302
259277
222577
96651
5390
13674
119620
289382
350845
243775
94983
62804
139073
186710
153191
101282
98950
175299
270357
266134
162916
116532
186446
242059
173281
54334
56060
211320
359221
339610
190122
65809
38944
84286
122926
100439
80778
143961
246290
281623
241354
184783
160472
130707
43243
6679
35306
155104
251445
251522
202997
148120
123235
157602
203142
203831
175944
157453
147491
143430
141248
158608
225115
254134
174704
71749
59907
138512
200340
182164
158233
201511
266333
264828
183906
91256
42134
50124
116724
213882
278727
291336
261921
194745
118301
94225
113414
113849
92451
79609
95185
155250
218838
243012
252376
261461
243843
185053
113919
82297
111473
165155
213109
265182
299545
284809
198750
61657
5970
32525
174997
323022
355464
259031
134677
90215
117067
140822
126631
117948
138706
155035
154864
182571
240347
267411
236535
198768
218036
242265
175162
73632
40677
52896
72849
120625
201917
261418
257519
236550
241902
224845
161230
129425
179755
259762
278014
227790
184190
161327
122290
81131
82596
115238
123732
126001
193707
318374
388042
333375
191887
30676
5767
27727
119523
199225
221488
187808
145783
176339
254385
278284
230631
154635
103014
106380
146513
198592
222606
191832
162169
211358
296024
307649
224187
102747
27521
27109
78108
176967
263629
277740
230120
171668
139336
116479
91668
66808
46383
55551
156146
324567
410358
354532
227051
139253
166999
226935
181337
48442
9337
102027
274047
318148
197956
92806
120466
193518
200906
148471
110732
121810
151928
201048
270768
311609
298255
242456
142556
24038
10195
78056
196533
248546
239559
241849
239145
195859
129395
87443
102602
148420
175832
188566
216623
234420
200761
164535
173931
189618
187176
202624
245762
255547
193737
94021
10928
12147
97997
281922
390178
307081
121682
12907
53761
161845
227571
229655
219449
222725
231219
246355
237328
164494
63404
19841
63317
150846
230936
264924
226177
142537
87635
79486
85351
118718
195099
239474
207989
155041
144651
187260
232737
208118
124017
89448
144783
211370
212873
159760
112839
124853
206667
292490
285444
213126
196700
203920
138751
42167
31928
120091
192993
184354
147467
143466
177433
219196
228717
178025
112696
125209
212079
279158
247125
131795
55853
84850
168354
239711
256979
231157
217197
236911
241555
196627
121223
81813
127819
197906
212107
193314
177628
126328
64635
76693
165882
272396
313788
283167
245833
201977
120479
43483
27437
65446
135461
228769
316116
314505
223717
118387
36794
27070
121374
256605
307892
228737
129914
172714
301596
299013
110847
4646
10686
131851
305141
354910
258976
137700
103064
138952
189652
216940
196915
136209
81796
88663
169897
263114
287284
220930
131913
100081
127885
172083
183091
138795
91221
108138
183246
230716
187893
116257
137522
216858
204220
90581
20536
88764
250114
366857
341152
226110
127707
86732
104351
120876
90922
83545
146535
242469
324420
357432
322463
198696
51305
22380
102984
165171
142032
91849
103951
188228
271149
313031
305265
216819
90666
60704
145054
195100
122854
8872
10127
106805
290785
406567
398022
279968
126094
78925
175052
252143
209269
152826
167670
198192
200696
202909
198447
121254
4751
5059
52859
247010
393741
369336
222886
90692
66028
114137
132863
105748
100975
170904
298854
378286
315485
203131
171460
201640
188702
115772
44049
27952
81554
169547
224438
201351
156116
157696
188223
187333
132939
75081
79132
137070
194327
230620
258975
285309
265530
168709
62832
53521
142905
219683
188552
90886
90662
215524
319906
321132
253169
162509
55275
7445
36129
117049
163584
196245
240579
256254
228549
182462
164720
170545
156595
154091
197027
243578
245352
220332
209961
176033
78862
8918
50890
164743
235780
236277
211624
199206
199473
205455
199695
165082
117520
75402
49396
83561
205700
347791
375167
253907
113201
66087
126345
206881
195828
138786
138228
163616
166214
182760
200309
156782
102898
125733
215808
261648
200733
140825
162513
207731
241589
261662
237162
175847
134205
133006
118726
72003
68704
179252
307560
293728
145874
15789
11711
44618
101790
167512
217963
239238
259494
281620
263506
185168
125672
142040
163962
134225
117679
180814
244680
207854
127779
123114
192040
226894
170926
91227
69517
92133
119519
156497
201890
215082
183858
165654
183368
184595
143306
115927
147248
221764
320138
396198
373929
238380
79237
14301
45199
79909
78440
106004
194633
293647
327069
251954
105701
5440
11157
100013
231475
302219
303215
242475
181134
169836
179762
186768
176542
129546
89865
129922
237013
319792
291496
157999
63643
121743
226101
232041
114287
4639
4687
45128
282602
488402
437107
187095
23589
98881
257772
266199
128506
53181
125598
246961
308749
266328
145797
59116
79543
135190
144798
127720
139905
188504
219135
203144
196110
224359
221910
133903
16464
11225
96870
251276
333762
290057
173292
110979
154952
210911
229434
212573
165831
127109
93238
37407
25453
118998
267932
348582
295377
159673
56096
63208
172618
283534
275674
176815
93589
60145
76679
146181
225448
256572
221103
158236
154435
204210
221889
181295
125294
119431
190629
288203
329971
254492
95287
6953
29786
123417
225482
294948
337096
330976
251217
137538
65937
54412
64147
111841
228055
338015
336322
217169
62495
17487
108978
189275
152581
84619
87926
164572
259047
317510
278372
151341
43836
24418
102430
247474
327748
260775
160556
149437
183685
190675
149093
87584
65046
97765
155216
193560
213332
245764
288610
258892
103570
4886
16587
121317
214705
251018
295375
321368
279733
193823
90551
17291
25341
88608
197451
302316
317116
270939
252709
229070
96856
4658
7563
109586
293257
389473
344264
228572
154780
150608
164960
137951
73489
25370
27249
109063
252259
329817
291542
201935
137462
134455
150751
142607
157475
220841
275563
254268
179144
144192
172297
181853
122375
53874
68478
178654
265530
240213
173924
164073
184867
159374
94772
68969
130227
233363
304688
308711
224939
107123
68572
135950
212864
209409
152071
123454
137140
133236
110455
129172
190713
216268
169373
102759
93826
167279
282137
351833
274720
92981
8078
39392
90416
122322
178940
260151
316406
283410
154560
44037
42907
104722
143577
138614
136291
162371
205631
274972
333361
310793
210163
106349
76081
123355
180576
170991
112974
95041
154087
257139
322449
282698
165575
52389
17387
62277
150478
242260
305415
288829
183823
89629
109869
189068
187343
136819
164380
269717
337993
275493
141767
80642
113577
152747
124613
70786
93633
219945
359880
381162
270189
135892
73893
90724
121869
137191
160809
191232
200018
178370
163755
185616
199491
148662
85180
98401
179333
250201
264395
231067
212904
230752
210618
116814
12407
18982
134637
283702
319673
202774
54871
25481
126820
253445
247512
106813
16763
106017
304047
425545
351888
128905
4620
9367
133217
289992
291673
165630
67263
92387
186371
274220
302361
232026
88358
4746
5343
47939
193737
312805
347704
304779
213386
122724
90040
76771
40763
55924
181879
347042
402354
285059
108253
44625
127793
236014
249539
161535
65978
65279
161674
247540
250392
211972
190660
186418
164435
108540
66827
106053
188351
235964
251668
263068
257574
214064
145690
90172
84816
134904
210824
277694
293403
237321
152040
104694
104950
123654
131467
133671
165312
193093
175527
165792
238171
332639
306456
149096
10115
25019
146467
271621
327755
312497
214678
93764
55558
89116
111113
100034
125143
224880
292064
243695
152111
89714
44755
21361
57406
180562
323793
361753
271007
153516
109113
123760
142457
175363
228110
242031
183377
107509
86361
118211
173752
219178
183684
71034
8029
36305
154238
283439
316712
252023
194443
192601
203091
187371
142427
63898
23613
127239
324509
422301
326647
125481
4712
5236
37623
211466
395109
414946
272817
130852
96806
140054
144226
68924
41856
131186
265169
351779
348283
272377
172966
90549
47605
60456
124595
227670
317282
309403
200434
91498
48082
65368
107264
132798
172441
250086
311469
290801
210581
150416
143557
150917
132906
115020
132695
167479
194431
198340
208149
271529
336671
295549
125495
4813
7965
113378
292192
350186
295103
233425
171717
71087
4697
4634
27265
194803
378298
428145
312035
150055
66042
85030
153546
174974
137302
138687
214551
258182
180992
62832
54548
154859
216301
192304
173718
180577
160987
102285
57242
109862
261276
369132
294038
86882
5640
83037
310852
401862
263604
59734
14583
156553
346894
349962
137880
4645
14554
160766
311771
287570
131660
53489
142573
273566
332989
277811
141542
28576
41520
177842
317006
340519
253511
134944
89389
174575
283615
278513
161407
47783
47276
143706
213708
214350
189543
156992
143119
155900
168745
166334
155718
156993
181803
237612
287799
253797
160053
77786
58232
118273
202071
274944
289765
204932
104411
90948
131997
114006
44256
39411
141294
247468
235898
152566
142282
206489
252583
244228
186222
141741
169254
229366
255867
222629
131369
38275
26391
92037
182416
225908
202777
177694
184309
207044
205425
146392
76273
55364
82126
122099
146018
157629
188075
243776
267036
234566
238171
274401
219735
96005
40786
102279
192206
189554
122606
138757
234788
267546
205230
122779
87049
128295
213493
273184
241800
144390
86197
121887
203066
233821
200797
185922
191600
160327
125405
148409
170203
143334
147435
229157
318621
299723
161029
49418
89472
217145
275106
223494
141866
103183
109889
150914
206829
222772
191769
168451
168895
166380
152262
129000
120222
159482
231111
279539
242633
127980
20511
12669
75390
199979
288433
287852
250979
210766
163618
110524
51141
23591
88916
211313
264137
234636
190550
168379
200681
234488
199665
124838
47408
28914
106156
216154
300038
317848
202803
46508
14360
84448
203946
248791
194900
141727
145114
196570
244893
222208
139202
75151
90077
182681
263812
245820
169475
149067
181148
173255
129681
114699
160828
216484
219729
197811
213903
254066
251976
197828
137728
92860
71801
95946
163073
238741
294129
319789
299067
210275
86674
27782
84267
185855
229090
215184
188772
164341
137848
106568
92483
109460
126929
155437
253059
340142
279690
144721
96648
135431
172882
163764
140339
159137
201305
242364
274586
240781
144895
92252
147736
243705
251023
150334
54346
12646
19444
100931
224768
287007
245880
152718
96421
104017
138013
145629
118351
110142
166645
266116
313788
234985
104207
56179
80239
92736
116783
193841
261029
238450
150939
100060
141164
225783
270459
256316
233163
223744
188074
104155
21527
22014
106815
206842
237667
248237
296903
297845
188688
42273
16043
127412
278789
323225
253809
159317
109452
118170
140422
136571
122338
150465
232808
288718
282726
250195
213287
184624
147804
85886
20620
11934
51546
156330
305530
442268
465225
337754
148984
9153
8636
78868
199698
221258
158228
139443
217167
293014
238291
80634
6206
19361
98610
202448
281404
306263
241437
151310
149574
213386
257635
247112
170690
63858
30854
128718
283905
338074
229148
77795
5961
7086
30560
121205
204567
237008
242460
222108
175446
148412
175707
223722
221110
142845
90581
167078
289093
326434
254503
99739
5036
11675
102269
225375
235267
153141
126265
171544
206980
213983
192423
134920
80525
64518
112671
230774
330916
342957
270282
164919
127925
168383
198716
165343
78365
50522
172275
351732
399519
260471
70012
6591
37629
134159
202276
212465
196865
214603
280811
324914
261917
113748
29186
76901
167018
220343
269749
338378
324725
185667
75271
115172
205711
194065
90824
37835
94866
184257
217078
175839
113178
105180
151770
177903
178606
189490
223235
276488
289200
181314
31753
23334
147554
263466
250179
190279
174733
184467
163285
96302
64750
118437
155360
105361
67576
132591
242951
257949
153073
74588
109682
176212
216268
227616
218062
230817
283581
310266
264007
183596
98616
15680
6994
24170
94713
179995
249816
264323
218112
176297
163501
136328
88174
64059
91221
161131
257563
342266
358914
298150
198693
96862
34105
38236
115401
229120
287716
257879
201245
169871
155272
119860
79736
102198
161466
188305
193908
198434
219264
263801
286471
249798
180685
125696
132904
187921
202432
145436
100387
149665
244023
276226
214539
125671
116846
193069
233555
172136
52118
9351
85362
238089
310175
254769
167279
173380
246701
239017
112979
12848
61742
222635
339030
310917
181131
71061
88259
174702
171210
77681
48461
139320
223450
194086
118554
121525
192886
207559
147188
120577
176534
259726
273806
163547
35248
38270
166467
279235
245378
120702
78135
149930
201722
148733
47301
17121
109800
269019
332226
239834
117643
98370
165477
210159
191916
181919
209215
232244
240662
246414
241950
195910
126275
86766
95001
128630
170311
178910
95836
16911
88628
277339
426575
411118
244476
69316
6842
27233
155464
310167
352650
268421
163077
142268
184759
199157
152677
87847
49084
80676
186737
276935
271631
205723
178858
213703
210072
126003
49590
40070
107211
225916
329949
360934
305215
186389
66859
24185
53768
119383
210716
291109
309674
249924
119516
11750
24811
90148
120356
113778
116109
151421
222700
275060
283010
280759
262738
196235
88802
9481
23179
113572
218409
255794
224118
195221
224556
252582
184821
77749
40878
95479
164710
181158
192529
216521
208147
198137
199729
164080
102077
50300
30506
101138
236402
314256
327757
314782
236522
96837
18121
52465
124821
172551
205726
250447
261539
210261
167322
165755
159380
125823
95907
131843
197299
216972
224784
255027
274330
209988
94739
61982
130482
187903
210190
273555
334355
269977
134857
65661
83721
115342
104242
74916
96074
183155
249301
227685
157321
117957
147294
200013
218303
212218
209622
210424
193976
160028
153522
187740
214338
185321
93317
10329
31514
149779
264831
284524
226853
170419
150402
143605
149333
155123
133699
104054
108197
141602
155336
133893
108735
128601
206224
293009
322173
277890
197491
127505
69683
33674
75793
182749
250962
222344
133246
56065
59050
150366
228076
202257
122998
109520
204245
322896
350701
258598
157475
174995
253891
250289
133788
8313
12107
116696
305241
399296
332483
191865
73367
28758
32964
46558
85406
156569
240750
311811
349220
331538
245812
112651
7088
13387
98702
218723
283613
319218
342546
317600
271380
235652
170175
40799
4717
11641
135739
319131
383520
286946
139137
70048
88735
120241
117264
98303
117584
210399
300866
293602
206676
138228
132572
140336
135696
116628
80969
78729
142833
232918
282304
261044
187762
118120
110745
137897
137027
121688
117486
119122
122984
159856
233824
269815
223827
144409
106547
120929
141186
161404
178467
158631
124974
141993
191897
216858
178699
99098
78424
158308
234255
221271
186574
185569
161555
92846
83037
154870
199754
199709
204456
211549
192924
142416
97811
118596
225520
337106
350976
282507
195845
132430
115594
125255
115728
88099
75558
98129
157358
234397
301717
312336
230860
126503
74550
88825
172065
253894
252710
176840
116492
145524
207563
196710
115668
51074
79536
221191
398431
432507
273956
101402
53938
112530
183133
186818
122148
46234
35763
120085
230018
292990
294825
255935
206594
176318
141724
82191
60100
91543
113206
129382
204471
304627
318767
197502
35106
7926
47827
118910
161390
218490
314138
364517
283540
137694
28725
7904
20789
86161
172672
218524
202629
177573
240615
351296
334439
158282
21954
61221
165328
176767
93894
52132
123503
233699
282545
241332
161883
104566
93643
132561
175008
188877
207648
239443
268933
279584
238999
173119
119881
60728
32011
90884
198624
291387
374942
423320
347854
182715
59205
28194
50074
78292
104871
173000
290918
366200
318440
201914
127380
117334
99630
58958
45201
83837
182712
291992
330389
272616
159483
84786
106556
169985
207519
173949
86437
73811
165364
224233
190199
108168
56292
118779
249520
301788
219073
92950
50398
121737
226311
281899
256231
155308
53793
42627
110435
188240
219596
178393
128789
148921
230054
302392
266381
125829
11042
10189
69901
201112
287513
263272
193996
183607
232149
255070
189567
88905
60293
110814
191410
232084
179655
100321
109337
207699
264255
193356
93152
119813
249570
285591
167510
60744
95828
211740
266483
205252
95838
23163
30808
123267
250471
352097
400201
344693
183653
38443
34142
144384
225443
163733
57359
70793
209287
353500
344229
154142
4769
12016
133522
301783
347272
285786
234619
233075
252264
238546
149136
26021
5724
11490
75483
219945
354172
388422
288007
143670
103807
136733
114643
42038
18002
98950
236848
316810
317063
279591
200970
82636
6491
15220
105738
230992
272375
246012
216279
202463
194791
154283
65458
8346
36864
167079
308569
340515
234199
103289
101839
212423
270787
204358
134083
157061
187643
161161
124295
113313
147716
192383
172469
121755
124474
170089
219616
218283
129564
78053
138639
188836
185148
197887
260195
329298
306592
167916
50451
69438
165266
216090
200350
156999
123962
131894
163292
154313
95832
68992
131723
228880
292579
290744
227996
173545
152837
141377
151200
173677
182672
163634
105052
79395
173375
329227
416443
345558
153471
7525
24465
128861
187597
123779
48680
89581
243510
379864
353864
184377
59374
100057
204973
204239
103922
40202
117256
273685
326011
226855
106221
71799
118165
184217
200816
175600
172565
182131
161845
133230
143149
173098
161643
88376
17731
48666
157391
241048
250857
201914
169411
182175
176016
127181
86595
96906
154372
192132
177016
158809
165859
197091
220349
207895
208627
188050
94921
55597
152863
250248
228706
158674
153532
212881
260447
230771
126848
37442
50371
156802
283848
362236
347924
222557
49602
9816
86529
214285
287267
270732
169445
75570
92095
195641
292095
309984
265119
210999
177265
172702
162192
101861
39317
72117
174436
224902
216776
247834
332816
363815
259628
81394
5325
11445
84363
200238
267954
273037
242488
230479
231880
181862
77408
11369
31283
92940
172555
290617
398063
349678
131071
4771
12117
108159
199474
202144
176295
194148
273187
371647
368935
214681
15596
5065
14675
58666
103418
161149
222683
239814
238119
271762
324077
309963
171754
4851
4848
43695
225509
363172
321278
165946
83405
158065
259616
215205
78626
32080
111493
215658
257087
233137
209228
205121
169977
94232
48967
89957
183431
250067
249112
214292
184851
176938
195463
227905
217942
156808
122261
128968
135419
146981
186110
210500
183800
160457
171736
162761
138211
160578
213706
245691
239197
202886
179237
215270
266691
234261
123929
36200
42966
109560
163227
179382
169486
173440
224663
282653
274009
195452
108471
77200
110533
172231
249361
310943
282570
171331
71051
42284
63025
64889
60184
104691
179937
231697
247305
232334
199935
186693
213591
231145
174908
90577
72952
120801
157339
153092
168461
233662
285252
238363
107653
48126
148997
273725
276913
186301
105088
83664
100354
135060
184961
205436
154313
77933
76669
166773
264743
276666
221088
179687
194909
262311
301009
225544
81112
7248
20773
104107
219760
282977
280430
268250
263658
231126
155386
54323
9158
54457
182318
272288
254889
179216
133330
153291
176455
138795
99941
138488
226165
286391
278164
235387
184651
140567
143798
171567
162902
131200
118218
148246
202056
207216
202571
248228
256972
169676
50725
6698
15560
73231
174486
284212
371155
405232
354814
215452
61030
7649
30771
114280
188865
212084
216042
218696
203410
157521
104147
88257
127688
211399
270083
255524
228681
219128
171185
85786
20679
19631
83699
174873
233743
259610
245715
208017
199152
205008
148868
52359
31461
98510
175312
217552
267280
314357
262159
136990
54293
65526
159064
236835
217780
148898
110649
122332
146892
155141
161716
170656
165587
170140
204272
260187
285604
230114
149218
133973
201766
276143
239330
99528
18786
94435
250670
341402
310071
196058
69870
20134
57172
116384
185117
257192
269508
208683
145437
127298
130634
113712
67756
62853
176848
362132
463917
361858
105886
4602
24886
201581
357394
310027
129152
21109
75498
196591
253448
217897
137746
62719
44856
134298
273680
331884
273319
182225
139358
114920
70277
34952
35118
102366
208908
277954
313876
325703
282125
195807
114841
67115
63452
83589
118400
177377
224327
210181
129896
49255
32870
71857
143095
241342
338452
367850
267735
118102
90473
190929
251397
174414
76296
109824
266994
376841
308382
92400
4434
9100
135562
286700
322681
287892
226992
155965
76372
50102
150221
293789
309697
185457
79131
119420
246723
290392
215353
118683
85214
130381
177938
174155
144767
147980
212548
291917
310270
227605
103088
42141
75391
186530
297751
300731
196607
78354
30815
96295
188792
178749
137346
202101
297568
293671
207392
145348
158828
165059
89054
7257
13868
71079
163954
254632
314619
324644
275257
202631
144844
74247
21254
54268
162531
278911
301081
202361
116954
107730
120220
116319
118197
178306
279722
338731
307118
191436
59194
7859
29012
106962
144785
103073
97922
217876
381472
419128
271653
68322
5975
30507
120313
178892
200014
227381
253232
252468
191382
107753
108956
197544
258994
198500
69061
45308
198580
365633
356860
187745
22656
12677
72333
139217
172182
201010
226358
261561
294164
235471
93697
10539
42457
144920
231282
264429
275729
252024
155193
43942
19353
120543
295847
397297
353263
211719
77765
64445
161382
246750
247976
181261
97881
85688
142700
167588
145204
130523
166169
220211
217054
154414
122043
163058
197956
172826
154755
215105
302690
293934
155493
8535
11309
115984
289841
356986
249252
69036
6394
29611
125887
222462
259359
228426
161942
139432
172517
193580
187269
187705
191499
154258
82411
90060
202439
286167
272550
192266
123153
128565
168604
174702
130009
63981
52006
141844
279462
335409
254787
123992
75210
114624
141692
133279
137285
167757
213157
233987
197660
163827
178233
204409
212984
174090
99714
110518
232910
330216
298634
176665
96229
117861
184136
221031
201137
149246
123901
162149
194836
136117
48199
51171
155388
247485
238634
197129
214534
271142
300436
261449
158731
81389
101487
158923
176115
162813
172227
211146
200349
134566
78607
62360
109468
186706
230466
238463
233536
219626
204798
174258
107410
38115
40837
120464
219433
294775
320751
292666
204277
99842
55533
77708
115124
141037
171608
194637
182732
135943
105478
145580
214966
228253
156383
75493
96295
180170
219513
199514
171473
174763
200859
205807
173161
166994
226511
261030
188389
88877
87690
150118
170611
145396
134136
178790
287090
368880
307090
129295
5386
11808
96203
222961
285564
267196
192319
122123
108212
148891
181973
169405
167142
218278
276468
259403
182340
167068
232893
254875
166927
57335
41913
107319
198279
298513
344201
266253
136967
88731
98577
59970
6466
15666
105303
236108
301987
293422
264678
216351
135476
83000
98453
141823
172539
207707
253064
248188
185388
135981
164997
225578
203003
89347
24310
97805
245282
349904
334844
195042
34540
8160
30127
60997
86048
155137
255423
305885
253290
156894
112756
146258
196670
211748
206749
208924
219119
211047
146859
64858
58575
163362
286201
287411
166361
63269
74669
130976
131044
88344
88294
162367
268370
336283
321901
248067
163282
81554
34556
83528
208898
294740
276549
196197
131447
118546
144360
176106
141339
34527
10806
122841
339024
432554
302847
74593
5853
51484
188348
269900
248436
159310
65285
56497
165319
295669
330057
266683
218833
214379
153000
44538
25270
133525
276522
332310
269699
161814
116404
173171
227184
170093
51827
21683
129543
272332
288515
171208
86825
123088
176156
167781
164803
204555
219887
184100
150982
166341
210096
253082
272670
222215
118184
36494
48040
139500
191622
151168
117531
174834
266564
287970
189462
60271
28081
114054
224643
244574
177353
132153
182324
272812
289086
213405
116480
59197
84383
175321
220787
160240
84378
83637
135432
177921
175240
147498
140011
169816
217246
228442
189143
154814
170205
214383
207484
152613
166414
250874
244187
114366
54999
167453
295313
277429
134810
9806
17730
93974
176314
196028
150708
116245
179419
305084
338048
211842
89856
117172
229997
279774
214753
127769
109829
144864
169098
176706
199642
213619
189949
163384
161698
164811
167203
173401
143831
84720
56359
88358
179529
266318
250548
165857
151295
230358
269337
198287
86128
33867
113216
269907
334483
223124
41590
6081
52591
208973
334394
318154
208219
151801
151610
133458
114307
150507
199771
180388
113535
91190
154965
258916
307757
284801
232135
169594
138025
159059
175800
131258
67160
87838
192172
278037
284210
218553
124133
37302
13306
74245
207076
286449
252766
182566
157341
171917
163532
127087
132215
214248
275303
217355
142837
182483
243828
205781
126121
100269
127141
163102
177403
162764
152189
175066
206961
194435
140089
90158
121683
233875
297883
238872
130443
75925
86568
108128
112817
118747
148379
202664
231339
216603
243228
316741
327886
225817
76741
13592
85460
204855
224736
141193
83247
114877
180919
179030
109109
97085
184954
262074
272934
274691
275837
199683
77751
26222
58810
101332
114358
162275
267701
338579
285772
168664
119706
158555
193107
163632
91954
62952
109029
190043
252963
250112
189034
108313
67154
106044
183633
230285
218872
191789
201727
203193
152685
124893
154405
175369
156821
131378
127439
146950
195877
252057
253877
188585
109066
87106
150229
201878
170189
112556
116164
211172
318397
313088
189008
64219
22537
63207
157335
240959
262096
242749
209803
156635
114985
115140
155613
212456
246475
232347
214893
205913
167878
102143
68158
104350
156296
186791
181790
135832
102182
115528
166742
217347
206804
150972
133229
197716
277486
275537
192193
105657
93045
176082
280666
285450
182018
81622
87084
199902
293298
262177
130750
12388
16751
96675
203704
270232
248545
124420
18020
53102
193707
329760
375700
322555
208317
89901
40332
103833
213283
257827
219261
162019
141768
159486
181670
181637
146327
113654
124412
153261
167464
156172
136807
150746
194005
203100
158730
136020
167453
169689
121462
112411
200601
345753
427114
331438
111968
5032
8438
50230
116712
151215
188514
224085
203790
143168
128725
194614
257822
225339
144338
110861
140958
182102
197661
205035
230274
250457
223038
150005
61189
35794
154811
324864
369210
262900
114588
19952
35188
128969
221379
231617
158676
90381
96631
166920
247732
264896
203748
155810
190398
256290
258869
157534
13916
10237
109304
272332
340262
272764
131236
42524
100893
241626
300040
202006
62537
49851
162633
253388
249838
209521
198446
210411
162065
62542
15754
48353
156485
267679
292408
260988
231996
189695
109117
53836
91213
202341
299580
272708
136105
30730
52223
191994
345886
355192
200935
52107
37359
95835
121602
108966
113010
182019
307738
408858
382442
208828
10822
5605
44093
170298
246873
217130
160290
153778
193450
219716
173419
72907
9829
36101
127288
199383
228756
269931
309254
277537
225163
208005
165951
53635
5320
40968
267454
497553
503891
303390
74144
5188
9126
35394
65659
77734
149313
295276
405166
389157
245602
95146
48630
61466
85315
122584
176032
239418
291508
292929
213958
140265
148902
170690
144956
90368
47729
105742
274833
377526
297462
131035
42065
79312
154157
166430
131214
118216
151884
185266
200859
221257
224671
233033
255023
200496
50233
4866
13947
123938
270336
322589
305379
299668
292256
216721
76361
6910
34900
155076
277784
313982
277473
178978
54941
31100
119348
209358
225063
167737
92089
72257
135120
219620
257729
233374
186757
165188
180657
200301
168647
117540
130224
196377
237271
226991
200454
185801
178006
151848
120928
87056
34645
25539
98720
197544
282992
335473
300700
176483
27761
5034
22412
160542
324684
380594
330773
275307
252112
202936
102544
32745
97361
247009
329621
253199
81553
6486
37974
146819
233273
249345
229425
201301
179473
179422
177753
133794
81662
86404
136667
207343
273112
294072
268440
247444
239395
209109
136668
42211
24764
128038
240925
259852
216018
168107
125533
