142701
139410
123454
103304
88204
81451
92204
124809
162228
178715
165553
135903
111760
111439
133177
155628
164847
167529
174706
187383
207045
228039
228678
197411
155500
132199
136357
152889
164633
167689
174527
194253
215115
214673
191563
164922
147210
146066
165067
192153
205390
194845
172945
156226
148042
138046
118627
101773
109251
143425
180628
201337
209390
213378
210196
196309
170839
134350
97864
82331
97945
129294
149672
148710
139550
143620
170142
201512
207919
181126
138359
105168
98795
120482
150848
163445
156746
153956
168678
187079
186532
165084
143722
139632
153297
176033
198058
208931
201710
186693
183595
194636
207249
214958
219129
226355
239060
250359
247862
221919
179896
142834
132589
150742
177102
189136
183667
179158
186782
196005
195313
185108
173415
171040
181605
193589
191877
167780
129216
105967
121257
167437
209670
219958
204646
185644
175663
172682
166234
152073
142223
148040
159836
158513
134815
99304
77344
88752
132157
184168
216798
217464
194395
171712
166971
172507
165732
146648
139604
155399
181112
193755
186137
174532
173440
178821
176129
159518
140031
136117
156194
190484
218540
220563
202839
188983
186945
187503
178329
153452
119981
102111
120201
164339
204331
216658
201053
172378
151274
146128
147437
147616
147097
150112
155418
158133
156536
149573
137377
130758
143502
170178
188062
182849
159172
139346
142696
159237
165910
159158
152879
152327
154579
161338
165649
160598
154518
163996
193602
232320
261134
262171
234638
198886
178775
176852
180747
182872
186536
199265
215707
222607
213868
200642
199526
203921
196717
184216
182959
187242
181777
172454
174805
187740
199773
196611
176313
163965
183619
219939
243049
244488
229076
201072
167897
140576
121667
109243
110452
127520
151533
170357
172763
159983
149553
159846
182885
197641
202679
204988
193097
159135
124463
108549
101197
97645
110998
143706
174741
184019
169178
149166
149184
168866
186430
193038
191751
179648
157386
144062
152210
167585
174537
178566
187437
194396
193087
181928
167870
165014
175851
184940
179497
162189
139657
117812
110906
126706
145449
151080
149625
143798
130419
118435
115130
112568
112988
125259
145167
163303
177605
181953
168411
143671
123245
110309
102280
104791
119361
136905
150507
160327
164492
166447
175909
193431
207879
207667
189937
155930
120803
111254
133999
166139
190131
205852
209221
200447
191828
188034
186414
188086
195939
205356
209683
210845
206747
192168
175269
169255
181833
209923
234097
229532
199609
170897
161290
165082
167451
161871
155265
157347
168919
180255
184922
184328
179977
170035
159415
161135
168464
164233
153376
155028
176695
206271
219780
202241
165037
138132
136232
147484
158763
172292
192455
211637
217136
202845
176414
159238
159246
169985
188209
213079
231216
226849
205574
190503
195308
208185
207281
187917
168737
168878
184266
194414
188236
170292
153074
148366
160755
179057
184169
170801
149247
129314
115533
113856
127780
151634
178040
198951
209896
209050
190591
155698
122681
111500
124226
147617
164372
165099
155678
152308
161807
175159
184760
189413
184152
170534
157087
145545
130650
119405
125621
143342
155020
158957
164854
179332
200182
215607
208122
171428
122884
89887
86363
106727
138102
164618
177270
182187
186795
188170
180584
160546
134887
124978
147680
184533
197468
176529
150447
148169
167664
187671
185350
158321
131699
123119
121902
111598
94506
87874
107525
155932
211557
236784
214064
167354
130147
111674
109316
118563
134221
152478
165840
170808
171589
175817
184693
191912
192374
188323
183085
175733
168050
169953
187463
211276
220332
200073
160874
130102
132592
168425
213224
233871
217142
185288
172317
190609
220618
233694
218379
188095
166676
161181
162497
163712
167234
177213
196703
222486
241636
243347
231264
217533
211460
214848
216704
200617
166943
142751
153755
194369
229477
225704
186162
150741
150552
179833
210290
218296
201506
178118
170156
181164
190105
179556
160859
156356
167736
180603
185275
184786
183356
175735
160590
148377
149433
154882
152416
149673
162873
183952
189118
169571
141632
126612
135555
161996
189116
207030
219065
229320
232601
216420
171125
106286
54978
51551
98220
162717
205851
208561
180108
146723
129038
133591
148842
157272
150774
132881
114328
104193
100959
103641
118559
149034
184811
206803
203639
182803
161672
157272
170218
183591
176284
144438
112087
104412
123889
153516
176819
184593
179367
171050
165073
157161
146639
136133
124830
113287
104657
101402
111210
141565
179082
195103
180603
158651
154839
168191
182889
187518
181907
173012
167655
165033
163135
168589
181908
193393
195344
184025
163200
148911
157892
183708
200254
196687
184811
174480
161450
146245
144161
166577
202733
228110
227627
211607
197430
185757
169949
156580
157577
169205
176842
179039
182316
185195
186282
191147
200220
202361
189498
165038
145663
143706
152691
157932
157338
160372
174041
195027
213277
220276
214043
197523
180787
170040
171709
190276
206986
197324
164730
138026
135611
151571
168083
171229
165965
165838
176515
192656
206202
214656
209408
178388
131758
99243
96862
120067
156781
194297
220305
223735
200256
156510
112457
96331
111407
131781
140123
142588
153111
172132
186947
185110
168571
155420
156271
166291
181489
203296
221908
216445
183257
142259
113887
107405
120003
140476
161590
186419
211274
223122
218401
208438
204072
201115
190623
175404
160682
149919
144313
143240
147434
162924
187170
204977
211598
217068
223880
223624
209074
178009
132001
84959
63295
77915
115745
156982
181870
180780
163424
144955
135931
142091
160200
179686
190596
188150
173648
152207
135279
135049
146382
143350
120684
106778
126135
170652
214019
240485
251824
247557
220820
177901
145938
145741
166899
184821
196339
210581
220684
213081
190653
171086
162834
166152
175493
178902
166805
149950
152336
174041
192158
192047
174445
149954
132684
128389
134866
146647
161890
179009
191965
198026
195340
179224
154688
138559
135968
136809
140540
150508
159830
161284
163341
172592
179827
177608
173427
175455
181897
194363
213804
231435
242270
240156
213665
168637
129589
112160
113822
139745
194327
250560
273566
260412
226345
180062
132139
100312
96253
121853
170391
219481
238470
218209
178405
143944
129224
135871
150806
152827
140164
130759
131190
138767
155917
178521
188674
171834
133620
97820
88311
109643
144408
173167
194317
213423
227278
225773
200970
156234
113269
98096
114818
142892
162862
167569
160508
154501
165783
192400
208885
199173
173374
149834
141761
156071
188733
219374
231991
227811
214265
196158
176090
158812
145338
140750
154289
182712
213061
235789
241270
220653
184545
157562
148529
145096
130824
105156
86456
94031
128271
169483
201397
219458
217579
191038
152850
126325
122136
139658
167732
180622
162834
127148
101989
102760
129622
170186
198727
199465
187372
184462
190271
199901
213452
216429
192114
148056
110811
95318
100163
119759
149124
186918
225895
240944
213079
165356
141841
153474
185179
219348
231315
203842
151517
112021
104886
122958
150297
170564
178924
189308
211393
228632
227082
214771
195475
169710
149448
140466
128296
108770
103301
121604
148421
170946
186579
192202
191182
196354
206167
209452
201167
175462
137666
111762
119229
151569
180326
191063
186399
167604
145866
143720
163599
186789
201858
205432
200456
196002
192598
180181
159780
153077
168035
186039
189225
176649
156005
142472
151494
170723
169325
147421
132089
142895
176636
211334
220025
189129
137575
107809
119335
152124
179175
188959
182985
175365
173936
170186
158245
146064
144938
158402
182150
203072
198779
165196
133964
138733
175111
209411
216368
196716
174096
170745
186084
204869
213765
206431
189760
178005
174296
168594
155035
147189
163041
192648
209597
205028
183105
152154
128591
132246
167198
208588
217002
180749
130869
106884
114236
123449
119240
121841
148613
188554
225787
251032
249547
217285
178081
160841
163905
157765
131754
106737
107009
137781
180150
209452
215940
200803
177755
173643
199474
227891
230371
207708
184361
174977
162958
132210
92536
67205
74507
112441
153667
175971
182506
186690
199051
216716
213936
172198
110600
73729
83425
117512
139866
137323
124978
130392
168442
220204
249958
237091
187282
136728
123440
146778
170882
162452
129268
110533
129178
167849
193496
189824
168496
157788
178203
221939
261835
265455
226440
181040
169720
190237
204826
194011
176682
177687
195769
214768
219061
201560
168995
134286
115794
131369
170224
195337
185670
163921
169589
201670
220049
202047
169985
156734
168219
187009
188759
168792
142232
126488
127976
135500
132214
120934
121153
142599
176382
206915
218370
202292
168739
140539
134627
145330
158286
158588
144517
136504
149123
170316
181476
180428
180295
194415
225377
258212
267972
240051
188700
141167
113661
114021
140849
179438
211914
225928
214578
178005
135059
108036
108237
138850
185580
221128
228427
215822
195317
168425
139929
121207
115217
118770
132832
161447
194711
216323
217371
197396
166219
134561
108088
92325
104198
152022
207285
228220
207508
169534
138898
128994
136940
144441
138204
122440
109830
111923
131778
157775
169614
162747
155104
156510
161684
167368
174193
178077
172781
161534
145763
125456
110136
111382
131692
164924
199859
219653
211248
192063
186181
191085
191085
178886
154556
128235
115874
122494
138615
159317
184380
205509
211735
208159
204268
196257
178870
157855
143424
143577
158037
172139
174140
173099
180962
187842
176837
150016
125875
121921
146857
190446
224709
228993
209306
181637
156732
146483
152733
160189
161831
166916
179890
193670
203038
205560
197115
184889
187838
198877
195888
183624
182572
197373
213374
212982
194568
174017
167134
170722
172862
174614
181959
186508
177905
168335
169209
173997
179336
190121
204231
214553
214398
203000
194078
200849
217161
223506
211770
195738
184179
172510
159696
145197
128755
122803
139348
168535
190180
197599
198381
202184
211305
218537
208281
174042
130736
94819
76537
88090
132236
178304
190196
168980
144180
144170
170762
204606
224518
223990
214199
197065
162646
119240
88311
79745
95046
136227
192462
241273
269331
274653
259899
233053
203000
169409
131955
106189
108043
133495
162125
179798
176986
151675
125368
117232
122921
135440
156823
181882
195730
191064
170251
141347
120850
117823
124413
130349
129587
116543
93708
80687
97321
137988
177277
194791
183023
149607
115737
98549
97309
100922
105742
117913
140733
168192
185575
179099
158985
150788
160226
174356
185671
191166
186992
176345
167133
160862
156702
160923
175111
188157
190960
180927
162226
154494
178272
225251
262046
262373
223785
167102
129730
139794
187018
232221
243894
219673
183699
166048
173365
180620
162207
125827
100104
107862
148189
192881
213169
202595
179441
165423
165045
169560
165290
148255
138640
157211
195853
227949
238098
232038
219995
206204
195875
193207
194019
188441
174107
165274
174017
190321
195935
187474
181712
192143
207963
214041
211252
213411
223689
231099
222616
197092
168262
145608
130900
130753
146642
165998
178525
186064
194783
208611
217115
201643
165846
137844
133740
136570
123717
94613
69589
70167
101961
150819
192877
213689
212916
197490
184137
183959
188432
183632
164214
137917
116284
103581
101544
111132
129559
153474
178457
192159
181501
150827
124563
130339
163815
191016
189576
166216
140933
126261
123930
132500
145334
151503
150308
152657
161934
166968
155223
130253
111883
115201
134830
155490
165472
160416
143280
123981
111181
108437
116114
132151
153534
171694
177502
171031
156953
144020
141142
152083
177813
207727
220667
205818
171377
139216
124716
127474
142397
166020
188686
197645
194601
192005
194744
195820
187630
173621
162768
157605
157451
166562
182031
192294
186934
162472
131928
115997
122991
153683
197154
232790
239133
209057
163192
133325
137150
164930
194531
211016
214192
215172
219046
219543
208090
184617
166848
169747
187667
205026
217212
232033
255865
276741
270813
235205
184523
139661
127670
159044
220465
279307
302110
282260
243366
212486
197599
193364
192706
190154
182457
174254
170415
162385
146626
142150
166949
212644
244234
237731
203174
165998
139099
123500
121126
136682
162528
178541
172667
154773
139011
127857
119389
111887
107348
114572
139523
167240
177402
173617
173812
183463
186260
166304
131247
102310
98460
117894
144865
172031
199839
224822
238260
235335
219519
193468
163780
140944
135542
147143
161429
164574
154693
143485
142460
151114
157265
150297
134765
125116
135146
161871
185304
187219
163289
130418
103953
91155
94295
105620
114752
115956
118328
136190
167696
192007
188070
158939
125465
107684
111858
127097
143210
149209
137277
118387
115228
132668
152293
161678
168210
184677
209903
227420
226188
208191
183030
155768
131827
126944
151575
187536
205107
199454
191488
196327
210257
219915
217593
204478
187820
181114
189808
204374
208822
200910
192361
192951
195993
188915
181872
192830
210492
209793
190563
177225
184420
202076
216613
221464
212832
192164
163066
135668
131590
156684
185630
193218
183462
178166
185424
196431
199479
189278
172919
164220
169217
176860
177791
178362
184231
189010
187938
181417
166210
147285
141841
157853
183329
199524
200607
191963
183091
185733
200586
217135
222853
207923
173571
140483
127695
129489
134451
147802
176451
206700
215135
201770
180817
161526
145303
130889
115462
102949
101939
111533
130292
158768
178119
172793
155809
147231
152161
161254
166172
166188
159736
146735
139523
146009
162927
177610
168349
134183
102502
98252
117792
136365
135888
120363
106543
106396
122680
143568
150677
141827
130657
131812
151419
173815
173593
147938
119853
114250
135818
167658
187722
185034
162650
137360
123203
123248
137179
158284
175124
184761
194306
208702
219876
214150
190938
161289
136500
128049
140742
167258
198721
229212
246563
237853
210092
185633
181117
194236
207765
211195
207505
204732
202035
194654
189384
195186
199956
186913
160996
141227
143448
164862
187659
198016
192776
180088
170456
167048
166657
168848
173185
179206
190884
205798
208783
189340
158454
139005
150211
189521
224269
223029
190175
157734
146507
151966
162561
169546
167278
165889
177293
196000
208472
208184
195602
179223
171727
176957
189113
200654
214311
232599
246721
245076
220961
184657
155397
148158
165683
193902
214777
215648
197155
168380
141663
129988
137414
157297
177204
187448
191211
191292
179651
149401
109181
81975
89520
131642
179589
205428
202745
184274
165613
150602
133936
110994
85602
68297
72323
105593
151076
179490
176352
150984
129405
131975
155156
176525
183563
181365
176323
172342
169377
162190
150329
141599
142518
156158
176030
187211
184443
179909
185934
202124
212897
204748
182650
158296
138488
125384
118753
117788
124170
140998
166711
189582
191759
173432
156185
158928
177007
188329
177961
157149
143602
142230
151769
164768
169120
155497
131018
118954
134568
162653
176850
170754
154305
140516
135561
140636
154333
164137
154000
124516
99835
106087
141435
181415
204462
203364
182941
157990
149203
169680
212184
251359
261688
239900
203026
170906
158048
165646
179663
187380
193148
210174
237053
252425
244025
225208
216922
220861
226744
225043
214012
195214
176524
173453
195010
227278
238695
211771
169780
149257
156639
176571
195064
203269
192990
169470
150416
146758
150103
141601
118734
97829
95182
112879
138064
163416
188440
205904
202380
180508
155232
133587
123793
134470
153922
160007
146647
134180
141767
165247
184155
181612
161314
148254
162541
191662
212730
212288
188861
159467
149413
168596
200544
220599
219066
202250
185086
175662
172408
171673
172858
184100
202028
212048
200222
163439
119244
91296
89289
107993
138829
169491
182629
172860
155329
147760
145918
134559
113879
96145
89110
95400
109070
123238
137603
148979
148385
131864
107586
92268
97353
120502
150478
166568
156941
137055
130360
145836
174699
196167
190771
164275
146323
157658
193527
231763
250903
242849
220138
205156
208961
220336
220523
204970
186250
178935
181115
183527
186472
197168
215232
226672
222527
213663
212038
212594
206433
197788
187457
167387
139606
121787
128214
151506
169956
174257
175978
186394
195890
192966
185839
186147
189284
186111
182814
185753
181841
157108
125595
118556
141714
173028
193554
202335
204763
201152
191106
176942
163254
148715
128936
112480
118615
150936
193351
228925
248264
251114
243934
231111
210553
182286
158437
156840
173812
186968
186486
180623
180354
183409
181636
177818
184749
207149
228703
229598
203744
164580
128831
106468
102683
114437
130024
140058
142238
144600
158894
182584
196609
182771
141153
93209
67539
70016
80875
88817
102279
125618
144847
145852
134879
131115
144449
162711
170803
165453
149119
121814
90915
78831
100678
143018
172549
169594
152788
150971
168627
187897
194367
187303
175619
167813
160437
150547
147145
153482
163927
177064
193657
207255
211018
212241
217558
217003
200141
174610
154030
144536
146496
158023
175529
191313
189093
161517
133553
140221
178307
213550
218996
192829
148217
106845
91921
104111
122758
137177
150893
166425
180034
184153
178762
174586
180495
187346
175837
148194
127102
122882
138823
180119
232436
260907
245559
205870
179528
189771
229921
268549
279771
262862
235274
211315
198805
196248
195697
197140
209304
233513
253435
256554
248819
238812
229189
220412
206251
178408
144854
129191
143012
177977
210161
211560
178392
135405
111184
115067
137076
161921
180419
187134
184216
174610
151007
112842
85657
91474
120505
143568
142968
119331
91812
88166
114634
152045
180556
186178
170823
153526
150904
158434
161598
160524
164334
177395
193969
201746
191403
166650
146345
149199
168820
181802
173561
153743
147361
168913
203830
220446
197817
145120
96779
82360
107458
148210
167292
157499
143194
144481
157399
163654
153928
134747
129167
147369
168325
169390
145349
101454
59512
47999
70518
101818
123902
137286
153481
180184
208031
212939
178819
129006
107012
132168
185478
230568
238613
205049
161542
151580
180644
215908
231462
227486
218518
218521
226075
222910
203825
190371
196792
214808
230082
226916
199292
169791
165313
186351
210151
219272
212290
193954
175180
171554
180483
180253
162775
142956
142914
176208
226031
250609
232841
201115
189537
198334
203886
187116
147600
107823
102782
145738
205241
242408
242775
219184
200043
197299
194609
178198
162616
170144
197792
221648
227723
213632
181192
147033
133508
149096
188148
228989
238716
206433
159483
132080
133641
156888
190844
224739
246885
245929
219464
176333
133445
109427
107942
119563
137163
153709
159795
154528
146050
139891
135514
134220
138001
144866
156023
174661
188800
176652
134316
84528
56423
60714
83441
108692
135899
163895
176438
162781
137964
128603
135854
138658
128970
118217
116454
127144
147821
169211
181425
182045
173894
160640
148846
148527
161964
178126
184051
174283
153232
130942
115643
106556
100999
104805
122331
146610
162512
161451
147476
131706
128902
146525
168775
173446
159733
146123
148364
164445
180611
184116
176423
167509
161810
156545
151854
146892
137524
131423
144253
176813
208231
221180
214399
197165
183172
178109
178898
185383
198642
208864
206586
199372
201107
208137
206410
193794
183224
185342
201359
222300
231734
225326
215968
210934
204579
196860
195104
204487
223729
241144
235500
198426
157459
148066
176502
221020
251035
249265
222761
194328
181952
184170
191570
196462
190369
169768
146953
138026
139952
140165
141176
154737
183151
216211
234279
225042
200176
183938
189690
205160
205192
180364
142120
115056
120858
156325
194033
212448
211623
205401
204975
204865
192259
172113
161893
165362
176228
184666
177532
155254
137375
141222
164390
192035
205921
193839
166532
144626
132504
124558
121770
127351
135046
135775
128878
117736
102862
83631
68498
70482
96208
138178
172554
175668
151302
121292
101051
98176
110641
125413
135803
147312
156989
152635
137424
128893
137768
158995
176130
175074
160293
151769
157806
158272
136185
107878
99917
116963
142396
159508
165707
168364
169408
163586
152765
150571
162327
177394
186140
192245
199265
200470
193504
182677
166739
149814
143480
148936
157108
161832
166267
177813
196550
209121
201241
175553
155671
158125
170073
178669
184535
186089
180463
170396
160773
157067
165254
183221
201965
211254
210773
209091
206105
202735
204666
205898
197758
186655
179095
173450
170056
166601
162374
166196
182888
207624
227370
234083
238040
243290
242058
233805
218277
192280
165604
155907
168239
192143
206945
201023
185144
185292
213344
250861
274004
276041
253550
203332
146163
110900
103876
117715
144465
177160
210787
233233
232374
207880
174609
157430
164012
172945
164052
140347
119042
118482
143392
173877
189622
186542
170692
152347
145743
157103
177033
195860
214908
237237
247830
221951
162217
97739
62937
73688
114692
162290
202222
223296
220386
207395
200542
198602
184727
148910
110416
94866
107525
138396
170522
189127
190176
181478
170682
154448
123879
84513
69007
101440
160823
201301
194570
158295
131361
121934
112789
96164
77755
68795
75778
94665
123364
155254
171398
159784
130354
107764
103589
103019
90528
73274
71664
93863
127418
152256
161854
165117
165789
163178
162559
165811
168129
165011
169399
202706
249593
264555
231261
178995
142444
132085
137309
149717
170630
192530
205551
212908
216619
204656
172155
141676
141137
161511
172935
169623
167530
171436
171618
164667
159542
160125
152988
131917
118586
131110
155702
165890
158969
156280
172362
193986
203711
202173
197068
195365
201644
211537
220298
224723
215545
188461
158005
146776
161500
190846
220033
241406
254423
259340
254125
239624
223876
213781
204436
187989
172049
171186
187106
208824
224388
231432
233921
231160
217276
190510
167406
172443
201985
223805
216326
186445
152578
132372
134376
151167
166279
172142
172739
177713
194173
214980
230335
229457
203579
161545
127593
122893
143324
164491
173580
177093
179888
176869
161060
139258
127825
132351
146763
167002
189286
200929
188397
154145
123407
122307
146370
168483
173700
167628
163596
173565
192828
207090
204608
181421
144806
114862
111599
135801
166234
181614
181631
174808
170186
173426
175406
166503
151171
142183
148379
166795
186868
195742
184551
155298
122239
97986
86784
91807
108410
126101
139940
147934
153354
166443
187784
197859
181113
147629
125569
130011
147196
155674
147656
127591
109563
111267
135877
161547
163234
140164
118651
127750
165766
200812
203317
175596
138743
105337
83758
88629
123022
170073
207300
220699
216173
211869
214444
214304
203536
189795
183298
179909
171761
157516
144806
148819
173451
198343
205279
202598
201171
200769
201759
205268
211022
210966
195045
161204
119197
88362
85392
110855
151269
192941
219697
217064
189037
156340
139321
144890
161377
168919
156536
132870
118259
119867
132427
154251
179818
196486
203465
209912
217448
218891
203660
173300
144042
139679
168156
207226
229879
229468
210906
184578
165343
164039
180130
203805
220757
223306
220265
223502
232217
231116
207145
172903
150741
142573
146041
168290
206744
240900
252715
242018
221025
191996
156548
125841
115439
132740
163849
185781
193818
194806
184661
158512
127269
106644
107292
125193
146659
161711
167387
168238
172708
179986
182842
178634
165326
149246
148743
168421
187654
189302
176613
162709
150126
139467
139908
157483
184807
205102
203736
185646
174548
176359
174376
166536
158366
144099
126769
125184
149861
185026
208753
218403
221829
215395
191773
150837
106792
89378
109453
148626
186385
209427
201570
161499
117631
105235
127032
152089
156657
146932
142791
157267
184745
199643
188211
156995
113243
76819
75871
110432
149979
166697
159803
150653
151294
154433
145360
116153
84216
82714
118424
165052
193650
192236
177700
180637
204352
221017
209976
178356
144527
127062
141577
178114
197286
172059
131056
123206
161939
219344
250747
226689
162094
100078
73677
92477
140556
183730
203572
207741
209664
202047
174506
144650
137393
154439
185215
217308
234534
221979
182428
139471
117562
124268
144652
160902
171925
190693
210724
209019
193019
193467
211890
224141
216738
194897
174073
170336
183746
203872
216805
211860
191769
172799
175382
198934
209735
186987
154919
142366
151014
173965
197309
199066
178754
163015
175728
213994
246797
242083
202293
167469
165906
178575
179397
170401
167770
177569
198072
217364
216007
190293
160961
148799
152180
160759
173173
184156
182471
171149
165964
176519
191438
196188
189830
184020
185650
177735
145403
108601
101594
131699
176479
209563
218330
204391
178612
158531
156748
170769
182393
174829
152978
132479
121929
124518
137137
153641
171797
193005
215970
229572
214088
166667
120953
112556
131183
139724
128910
120684
134631
161204
177760
178989
173987
166632
155286
150836
168918
197524
203466
181316
161102
159530
152954
119399
77541
67024
100760
158603
209055
232915
230956
214770
196925
187501
184162
171058
140170
112748
112279
134103
156295
162949
150744
132138
128358
148523
177689
192432
185582
170395
162395
162282
153856
123346
90363
87933
122241
169910
204416
213867
198265
172648
163073
175711
191672
196692
193988
186923
172447
152415
135507
128439
138341
162990
185307
196236
200285
199410
190868
182009
178380
170641
156610
149339
151286
152397
148819
147510
151853
156412
162227
175026
192111
206073
207414
195435
184625
184617
183845
167905
146443
137317
141973
156301
179043
197376
199085
191215
187887
187749
183081
170735
151260
133145
128809
136741
144664
147445
150882
156950
162805
171447
184749
190022
180778
166865
159642
163621
173784
178868
172349
161211
155364
155681
156332
159986
170519
183611
197767
211389
209334
185670
156395
137284
135493
149614
171565
192069
208521
220779
219747
201088
175347
153432
137923
135701
154065
184552
209703
220308
220454
217918
214081
203186
178511
140407
101187
78250
79271
102683
142181
181820
206367
218107
225436
228469
224370
213400
198379
175199
139760
104335
92007
113780
158454
202192
229095
234673
215848
184410
170542
189398
218516
223197
197286
164308
145193
138239
133512
131625
135081
142994
157427
183610
220824
254563
263005
241975
209021
181033
162543
151880
151759
159855
164028
159953
158707
173587
203311
228766
233643
224164
216210
208925
194278
171132
143141
119131
104644
94314
86449
88360
109102
148691
190740
216061
218112
202761
183105
169457
157807
142792
126408
109713
95133
90803
102710
130695
164626
190846
202341
199224
189101
179814
170316
158732
153234
155128
155290
151713
148922
154573
169106
186879
200807
200566
182461
154604
133783
137463
166687
198612
210253
204663
191479
167933
142460
130202
134726
145030
150308
159643
183600
212097
223972
208134
174147
147850
147364
160511
166008
153449
126922
107690
111992
134980
158470
166817
156305
132407
111402
114600
142493
168312
172040
164464
159185
155218
143288
120499
102577
106154
129004
157299
175507
178897
174890
175613
188704
209535
220128
210025
187146
164179
157301
174201
205431
230529
231542
217183
213651
223106
223588
207410
194062
199454
218519
230867
227574
222157
219712
207086
183568
164016
160488
164439
164735
166926
177383
190711
194355
188547
182201
181087
178569
165005
139128
114165
109414
131629
170134
206170
222002
210272
177129
138922
117777
123544
147447
175005
192959
201226
204098
198077
181173
166777
171069
187912
198112
200450
207834
219886
223381
213877
199297
191013
186571
178866
168435
160940
163752
182107
209208
222052
202484
161345
128026
125848
149891
173121
182828
183602
180202
175892
169858
161548
150704
137148
128629
130230
136576
135684
126832
120727
124317
132821
140783
144349
136897
115799
85533
63072
64669
88976
116091
130500
141827
159822
172843
169938
153917
137009
127823
125621
124206
116037
103973
98167
105079
128221
164302
197213
205769
190543
177296
186391
209743
217467
189366
136328
93218
86952
118441
163909
200105
219995
221056
205868
184353
162819
142783
128945
127863
140921
162183
174992
162802
131780
112072
128633
170631
202561
202693
180615
159225
152330
153316
154781
158553
163648
164339
163329
165168
169460
175030
183435
200929
225112
239596
231333
201632
165609
144720
148778
165588
176836
178670
182817
201147
227023
244535
246412
240345
234843
227661
212789
196152
182715
172454
173658
196953
229583
245228
235989
219063
215831
227847
244589
256946
255583
237821
212632
196235
195642
198072
188192
172941
176240
199615
223414
235463
235419
224626
202243
173808
148873
129268
110530
96041
102957
139291
187645
220232
222071
198107
164219
137835
128218
131086
136587
141080
154771
181177
201991
197802
178910
177159
196584
207652
189192
155907
134608
132057
143704
163367
181210
186347
179486
173815
173676
172472
159328
134001
121196
143570
191307
228239
224223
179934
124759
93560
96465
116534
133255
144841
158435
170300
173261
161391
134942
106793
91616
93044
103066
114772
125056
133632
141837
147582
142018
117689
84437
64451
71265
106095
151106
176015
172158
162414
162413
163345
156425
139162
110877
84218
84832
122913
173439
199386
190929
170999
166294
178580
181498
159935
133404
129624
154021
199418
249483
273392
248390
188873
133882
108892
107328
113021
118404
130752
164364
213665
248051
247436
221563
191848
172319
162278
150153
134014
128943
147040
179215
205776
213139
195754
163845
143080
148582
167894
179966
177892
167150
163282
174017
184490
178561
158114
135700
123740
132330
163784
201054
221320
223334
223999
234702
251078
255670
231302
183767
142716
130754
146168
175172
204428
223785
229773
228234
218872
192892
158999
145402
162296
194509
221146
230932
228502
221856
210388
190559
167217
151678
151400
166212
190810
211475
213143
195183
169346
148629
140728
144547
147458
138998
131952
142762
167220
189017
195348
184789
162943
142083
136527
145530
155037
153038
137571
122009
122543
137592
150378
151675
142800
129232
124074
138101
166771
190375
199203
199536
192031
173711
154310
150788
160625
167983
162264
144076
129609
137900
166552
189218
189429
185749
201070
224464
231063
209602
171680
141224
134488
148467
171473
188211
185352
165032
148569
160980
196293
218703
207408
176173
146372
128352
122667
121789
116705
113322
122729
142736
163267
179368
188545
187329
178426
173677
172789
164375
150921
146795
161669
189858
210383
208048
192864
186306
191762
198203
199945
195213
184833
177431
183390
196948
197500
176472
149186
136405
151975
191919
228550
235140
214210
188187
177537
183133
186899
169321
129888
97544
99903
134777
176829
194223
173851
141883
135698
157976
183023
190560
179189
162878
156348
162566
168967
157268
128191
102297
98061
122670
167043
201184
198426
168520
139873
126391
130166
144763
159883
170483
184094
205029
215592
201100
178079
167327
168072
168815
161049
152001
165295
200097
222794
214941
188244
160094
141900
143936
166550
187347
178450
143162
117232
128603
168998
205071
203738
167258
133985
130431
151378
178113
194085
195252
193361
206514
229687
233785
206028
156254
106343
88623
118704
169671
200121
200872
193892
198680
212492
221925
212343
180739
146394
134115
147927
171303
185726
183489
172925
173399
187810
197696
189790
165759
139617
131388
152620
189175
209213
203326
191737
181810
164698
141380
123869
122875
142335
173071
199470
214249
213034
193977
171807
165976
175136
179725
170088
159288
164666
184045
204649
211182
195649
170901
161926
179660
206619
212394
185654
148176
132153
145709
169460
183623
184937
172953
151364
145446
171398
205438
215275
195730
164636
138167
116342
95123
81425
81224
94965
118869
141852
154165
152612
143544
146374
170641
197657
200990
175660
137220
107252
103820
127076
154715
161816
151301
144118
146666
153455
158358
161156
163633
165412
166377
169012
175013
179118
178931
178571
179202
172950
151634
131478
140376
178013
216236
231960
221862
193886
162125
138421
130858
138492
147386
145890
134682
124842
125887
131980
133339
130613
131674
137317
147239
163797
181761
187107
171202
145657
134809
145917
160690
163091
156537
146469
130851
115906
119759
144517
167946
173084
168039
170679
185787
205300
221989
231431
225779
203473
178680
168572
177123
192113
200510
208772
228253
247270
242535
216623
198547
205988
228795
243162
237636
222077
206482
188278
164625
149233
157817
185964
212693
223604
218666
205237
195978
195016
195192
189702
178959
171582
171461
175646
176880
168436
151921
139499
140701
150255
165133
190058
211599
209509
185121
155130
133495
127370
138216
162112
192355
216117
218191
191545
155634
143316
157751
176918
187269
195122
209885
226616
233644
226061
212082
199430
185549
167028
154597
162452
179110
186020
193390
215726
238897
241433
221954
197521
186979
185037
169267
137139
109485
104354
119682
140910
153124
145370
119951
96696
95964
122455
161863
188924
182419
143435
92097
55582
50256
70620
101087
129973
151208
157221
149876
144276
156274
184616
204359
196090
164280
124615
94977
89098
104905
131544
160899
185387
198350
196215
184114
172384
164012
165682
181056
198379
210355
218123
210735
181878
149959
135570
139334
153886
173111
188907
195139
193126
185400
171903
149963
124145
105228
106136
130546
157470
161328
148331
140314
142674
144686
140104
134098
130516
132888
145340
159672
165656
167803
172009
178286
187663
194028
183498
158754
143460
152785
175519
191299
190753
180725
178287
190820
207628
214543
214637
209726
188491
160670
152309
166537
182144
184237
180941
192850
221890
245884
237449
192171
140507
118775
135412
179635
225990
243510
223495
183628
147868
134727
150534
180601
200530
208400
216198
222405
211031
179392
146889
129108
127074
135767
151383
174446
201676
224965
239299
243507
232849
204724
168254
143516
145975
164859
179074
182059
178800
176423
174197
161192
134557
112720
127176
182499
243066
269195
251459
211192
171703
139728
112278
93775
93124
110395
139600
176016
206592
211752
180993
129902
95337
104365
138708
161778
160000
149276
154699
178497
199527
199630
173571
134806
107186
106735
134819
171500
189750
182340
167594
161863
164522
164973
158215
148162
140985
139138
141112
147882
161917
174157
172901
157987
138158
120562
112492
120236
137415
155649
174225
187439
187850
175411
160324
155014
152437
141155
129727
133968
154678
176383
182521
177908
177858
184584
189155
190312
191702
190944
179635
160937
149800
153052
163220
172433
179531
185648
193562
202479
210460
215830
215116
204569
188894
176808
174469
180488
187615
190640
188611
185903
192118
202085
197694
176259
159736
164154
177746
177651
162931
151730
156729
175522
193815
201638
200982
197441
196122
200275
206207
209891
207535
196026
173696
142627
110994
92605
101875
138399
186814
227467
240602
220003
182349
153325
148970
166338
187719
197136
191237
171287
142330
113450
94689
93249
110357
141462
178008
203665
205668
188564
171205
164036
166361
171493
168867
156029
143880
142837
151367
160806
167849
173414
176973
179256
177684
168204
153608
145160
150046
167870
185199
185395
166956
145449
138933
150691
168656
181301
184072
177965
168246
161107
158318
155522
146305
137444
150742
194184
241210
256333
228744
178407
132212
106344
112168
143815
176694
196259
207786
215808
216506
203158
175403
146059
135553
149383
168995
173452
163910
158544
172452
206516
241258
247293
213199
157580
111905
103352
135492
182864
213948
215739
199528
180204
163246
150635
140430
132672
142940
179159
219577
234249
217883
187741
162823
152424
149384
140554
131738
146420
183948
209245
200701
170696
142659
130638
135725
149990
166071
178331
180210
171619
163298
160960
153899
135600
124974
141743
171452
184586
176026
162271
157536
167966
188365
206282
203423
162029
95366
54530
78990
149920
208639
222989
199886
157490
113392
88730
96350
128651
165097
186895
186376
170593
154230
144284
140259
141946
150354
165255
185730
204491
199372
161708
119213
108075
137901
190076
233468
244983
223818
185901
156152
149108
161359
180917
188650
177225
161517
159635
170866
183415
186063
175621
166121
173093
187590
185905
161724
138351
141192
170008
203644
217819
198607
156608
119741
103115
110030
138879
169293
179829
173372
162638
154434
148971
152635
175370
213477
245920
250838
221040
172813
136944
129600
143482
161812
171072
172174
178712
201720
229840
239656
224941
200466
180010
170725
177359
195585
210911
211532
193777
167312
153356
154546
159220
163974
175980
201264
225508
229035
213997
189798
161374
141946
143711
160194
171225
162122
141453
134931
150449
171162
180515
181049
184951
192808
197850
196624
188319
175703
170655
175410
174088
161380
147800
143617
152167
167606
182248
191880
193234
185384
172436
163841
167277
175717
174771
167710
172486
190641
203801
196308
176195
164725
173521
194727
210399
204489
176758
139015
104982
90946
107610
142401
172927
190933
194879
186148
168708
146498
126783
118642
126400
149858
179585
196923
188791
155043
114427
95017
109702
144321
170765
174060
157992
136591
126862
138072
159055
172360
175786
174030
167915
159675
152083
140630
122838
109002
110328
128285
153158
170974
179049
184187
193155
205612
206656
189577
162166
133819
117740
123526
143437
159668
164840
164579
162702
158703
156219
162047
177385
197665
215094
221840
212637
189032
156552
123915
106108
105543
109913
124464
165612
220606
253472
247957
221052
191871
168653
158837
161025
165703
169429
169494
160010
147266
144912
150462
155809
163977
181668
203256
214752
208511
187805
166484
157355
155625
150375
147770
159325
177227
186826
190366
196043
200977
198592
187955
177863
170502
160986
148640
144270
164742
207592
240719
244857
234922
226897
220966
219649
222421
214608
189935
164716
154773
157602
162415
156962
138532
119761
116833
136520
172652
206978
219248
201259
173267
164010
179272
199122
204436
191231
165927
140542
127448
132380
148595
162253
164852
159287
159657
176576
198017
205434
198703
186217
173576
162579
151634
141369
134626
132499
134691
141374
157071
183560
205285
205450
186825
168094
167648
184173
202710
208635
198900
179644
160650
148833
146173
153239
167593
182920
197776
211800
220180
217757
206325
192086
183133
182092
179488
164892
140361
118292
105116
96192
92916
99983
115509
132988
145988
153482
157945
158376
150543
141398
137950
131242
119768
122170
149207
181862
186231
154355
111622
84390
80370
98710
130588
158234
170841
175805
185895
199585
201958
185733
161125
142652
138590
150113
167154
177471
178820
180800
198488
222422
224592
196106
163109
158084
180339
201118
200198
178541
152765
139407
143989
158227
170652
176215
180536
190921
209693
230845
236509
213154
172467
144329
145348
163312
169433
143893
104549
91141
118507
167340
210243
231591
227464
199088
161517
134983
129228
145246
175390
202951
214101
205644
179284
147433
136989
163595
204846
229793
232463
225088
219240
219975
220179
203629
171876
145508
136809
142331
158421
181344
201145
209059
212054
226551
255259
275717
262928
223954
193080
190080
193207
169636
124845
94587
101715
142518
191259
212988
196852
167574
153092
161845
184243
204281
210244
199065
177357
153281
131974
114250
99466
90261
93139
114388
147229
177186
196935
204450
198623
181123
152045
115004
88066
95652
138346
186676
209962
198761
171079
155830
165029
178902
176814
164273
157282
167231
195589
224914
229770
201145
158434
132316
138377
165240
187262
186072
170708
169988
192004
214256
212625
183820
147086
129171
142587
172807
191715
190191
180334
172550
168846
168173
163625
149773
138840
142695
159289
178954
183686
158572
115330
82581
75298
85056
98759
111651
124816
140718
161098
178091
179614
165398
147464
135296
131827
136775
144981
152223
163765
179718
183529
160255
118871
87083
86488
118586
165546
201188
214242
208736
189808
169913
166134
173128
162569
127802
100822
116110
174087
242775
284644
288551
264820
226178
176610
126743
97236
97919
119871
152792
184309
192568
170936
140971
124852
123686
130594
145928
168088
184141
185101
177654
176576
188382
197400
178251
133835
96262
89045
108893
137652
159737
163102
151930
151379
173340
197920
203547
194751
184608
177012
170297
165685
170604
193568
223272
236987
232745
228878
225710
207133
180276
175828
197018
213969
210857
194809
179960
179893
201199
234631
254878
246966
218235
188659
183695
212815
248725
261288
253130
238609
215503
183574
155250
144072
154662
180448
207074
216105
204394
187113
173861
167052
171416
178296
166385
136172
106894
94938
106691
136734
169816
185814
181195
169953
156108
139669
130703
139151
161804
186431
200345
196370
180520
162893
148776
142302
148801
161006
157978
138839
133612
165454
214643
244204
240040
211168
180873
170340
174044
173841
166607
161678
166447
178791
188768
179027
144439
112281
110960
133323
158008
174139
176954
169120
163433
164743
160522
139619
111830
97611
105553
126738
147715
156152
145887
123888
103153
93949
106325
129584
137563
130755
132848
148856
161593
159852
150668
146074
146432
148633
150680
150454
149391
149410
149392
153046
162142
171731
174882
170455
164156
165540
176938
188213
188693
180768
183602
208230
231213
224742
190629
151921
131923
137047
154712
170105
180084
186927
195002
206742
215728
213346
197031
175592
161939
160795
168918
173330
165891
157714
161090
174116
187513
191727
182945
171253
170571
181496
194673
202653
201594
191673
182623
182456
183117
171494
146993
127593
131116
156596
186494
203335
203950
200489
203041
211644
219381
215635
195312
172846
170071
183378
190154
181334
165902
153243
149723
161423
183720
198076
198350
195453
200299
215043
229582
228032
208598
186392
174619
170238
162188
144789
126364
123414
146067
180191
198703
196696
189455
179679
166500
163240
176507
190531
189509
177126
162991
149750
138686
130661
124463
125432
136257
150429
167294
187715
193906
172003
137363
113244
101398
94864
99582
119158
141350
156168
163814
162765
148146
127454
115025
116821
130553
146293
155987
165246
180320
188678
175594
151435
131767
116071
112388
137189
182964
218842
224863
205616
173535
140222
114506
102008
109375
140317
180469
203140
204814
203758
207317
206879
199138
186882
167971
145666
128712
120784
126338
145654
164758
163811
148666
145452
160309
179687
191581
193088
193611
201742
209939
196642
165458
142400
136252
137822
146265
167381
193234
211079
221353
223417
214812
197925
175412
148081
130310
140046
167609
192569
211005
223674
222028
204322
184484
176853
182360
191793
193337
183025
171999
176164
192829
211500
225152
222899
199613
169354
157272
171199
193209
203917
197150
183672
180603
188186
188514
175409
159771
148468
144496
150605
159571
158697
151001
149998
161731
181096
197701
197921
172727
139528
125121
130686
141124
146754
142857
138056
149487
176163
195918
192278
170665
147159
134035
141318
166112
187583
197863
205720
210213
206822
198556
185081
159314
132320
127003
145186
168813
182845
182497
175994
178242
188938
187545
166441
144905
133059
116910
96483
94610
120175
155389
183097
201133
209783
205719
185291
157401
146816
164958
187853
187606
170558
161372
162345
161661
161575
165286
166591
165870
168325
175604
182815
180340
171039
176261
206211
237437
232766
193410
157130
143688
145743
161155
186325
202247
197091
180143
173148
188299
214535
230403
225491
208386
194220
185066
175645
165023
152951
138085
127504
129911
142295
152710
156435
160286
173038
192393
208210
208001
184747
151257
123014
104214
95472
94856
98929
113716
145247
179737
193487
177634
150618
138049
149796
171442
179281
169137
158079
158949
162446
152156
131265
120960
131680
154925
181621
208852
230555
240023
240050
235685
224487
199237
159156
118044
98938
110217
137416
165326
193461
219137
228605
212106
183944
166298
154473
135096
119869
126794
154538
182209
185623
164155
139777
128850
127529
128088
132130
142741
157082
168806
172551
164360
149928
140067
132176
118294
105480
104022
112521
126805
145281
167632
192074
207976
202455
176917
145586
129596
137597
155306
168150
179619
198002
221416
240650
243453
225019
192775
159240
131445
111395
109093
133377
174655
213181
230348
219824
190070
156208
135060
141554
171847
200326
203495
183608
163783
162926
175572
182560
180073
177288
175880
172131
164025
155574
152058
153472
159624
171948
180677
174747
157007
143500
152653
181103
204182
210667
204362
188170
170355
167789
188212
216662
222921
195020
159281
149988
168011
188676
196298
203939
228584
256451
257408
227968
194571
181121
187197
194710
191269
177991
164158
167491
191338
217916
226994
211126
185026
172144
182508
203607
211162
188330
144068
108997
102208
120183
145694
161352
165963
171658
182168
186567
170801
135266
103946
103195
135626
174524
180255
143891
103943
96599
120635
153907
169563
155064
129204
119792
136708
168169
190016
188738
171517
152210
142468
145223
157052
175104
195171
214398
232013
239969
220241
171986
125337
117712
152168
197042
222440
220404
203703
195660
202006
198438
168096
128216
106131
120702
165382
206451
213124
188412
163264
158459
160445
148095
120547
94177
92868
125526
165962
181851
167913
142301
124690
121289
123911
125270
125645
128096
133742
140900
146489
152022
152596
143994
142848
160040
177615
174108
152286
137411
148504
174983
187020
176184
160232
157583
173682
204774
238850
256534
249925
230539
216088
214745
219401
216258
199466
180518
176977
191344
209557
214290
203231
192456
197007
209398
201951
162161
115141
94866
106479
139703
180773
210515
221280
216688
201701
183567
163163
135745
100670
75932
84372
119057
150172
159935
154047
145479
145938
158027
168273
164628
155860
158347
172825
188519
196785
189604
163716
131796
117138
130753
162904
188535
185572
167320
170416
203823
238627
249135
239373
218217
187634
155781
135989
137744
160594
188488
200599
198589
199097
204873
206123
198107
183196
162947
143398
134817
142026
165815
202396
237734
244197
211273
160545
119382
99124
98046
107899
124151
152098
192232
222008
214932
176921
139575
121572
123377
143756
171501
188795
186206
169004
155804
157766
165541
159649
135460
112196
114678
152621
212678
266677
287723
270202
230502
186625
148992
126147
121119
125984
137412
162023
196544
227522
240275
230148
204159
179495
175295
187953
191886
171542
136421
107523
103667
131492
178610
223451
246508
236215
194545
145734
122004
128308
141422
142925
136247
134787
141794
151693
153993
142469
120978
99772
94540
111945
143712
177773
200209
198935
177314
153235
139628
133218
121517
104532
99269
119722
161435
204431
225009
217326
195416
172396
159697
164584
178045
180014
168223
156923
159819
176703
193291
194877
181989
172685
180540
198009
212463
217809
208438
185838
165145
155964
149326
132568
115255
118957
148336
185644
207569
204383
185864
166309
150369
141211
141759
147326
151308
159134
181617
208894
214310
189120
153130
136277
146728
166206
166483
139412
111512
114677
153019
203063
231214
221185
195820
188214
195075
189069
164819
142244
138058
156702
189898
215617
211231
174967
132252
117696
146903
204467
254271
269089
253854
234190
224476
217103
198956
167244
138385
132657
149203
168726
179255
187002
199027
215267
233927
251117
249360
212855
155213
115334
118650
151672
176388
171658
152374
141502
141789
150840
172208
199778
213193
204829
188329
171493
147045
114352
92805
104714
145145
186067
203084
186243
147495
115351
112198
138425
170647
182594
172986
161029
159037
159437
150701
133369
116468
109695
124878
161307
196291
210713
214292
226593
241228
231421
188784
137661
109134
114866
145468
183509
213643
224790
214164
193664
178733
171351
164385
155964
148799
146454
146781
145870
148519
159818
174935
182823
177643
167140
157938
148207
138008
131464
127913
118041
93609
62745
52189
79493
131341
180881
209068
209732
187694
158431
136364
124624
120226
122054
131728
144672
154269
161542
169760
180119
189324
197911
210675
228165
239715
232532
210104
191327
186772
183882
172070
164123
170420
185439
197859
207647
220628
231119
223966
199044
179328
182879
198587
202101
187836
169304
154184
142707
137772
140685
146957
151194
147248
129393
111313
117313
151627
192943
207716
186778
153919
132030
125914
129546
141744
163474
185512
190783
174844
155221
151377
162132
175865
189533
199787
201152
196881
195771
206855
230799
251846
250617
220922
180106
152597
147338
157944
173706
185060
187513
185432
190136
201330
207073
197853
175536
158693
164173
187011
203548
197176
174188
154633
151153
156570
157516
148176
134127
129391
142667
163404
173122
167535
153887
145075
151005
161537
163490
162258
164890
165866
152028
122598
95076
88354
111496
154619
191381
202400
195285
187290
190548
207032
229068
240355
227083
195810
166085
148299
143968
149341
158006
168334
185508
210814
236525
247968
230612
185288
138912
122831
136570
150462
149276
148653
160277
179213
200481
212363
199334
164761
128810
121082
154236
198518
208899
177860
138572
122369
127957
139483
151863
165749
173171
172166
170628
172269
173606
166796
148495
126572
118122
128061
143549
153632
161401
175020
191038
196548
179085
139219
108122
117998
157348
192544
203732
192511
170846
153688
150522
155885
157269
155809
163058
175757
181698
176410
161126
142611
134166
143165
163574
187640
206230
208351
196724
189127
191794
187877
164374
135872
118595
116774
131358
153781
168405
166453
154082
147604
155831
172190
181541
174437
162586
161859
171463
176286
168179
152799
134063
118977
116992
125815
138173
148174
154193
159831
166407
168856
164706
160939
167002
180546
188172
187548
181905
164524
134792
105483
97022
121886
169597
211967
223307
206758
187614
183957
194041
203311
203168
192154
174899
165137
169620
182896
195868
199913
190899
175851
165282
162566
172901
196990
223219
236604
235077
232807
234701
226432
195511
149207
113868
111662
140079
175240
200155
213576
215576
204953
190854
190482
201376
199150
173136
141843
128358
139999
163432
175242
165774
149738
143545
154337
174503
183452
169035
143884
132989
146407
172901
198161
211513
204378
182298
168556
176042
191021
194980
187887
187949
203714
219792
214897
188768
161643
151530
159026
175277
198836
224136
231913
217679
199388
195554
201684
197608
174814
148697
140024
152182
165631
163438
155415
157713
168192
174417
173502
170451
172095
187856
213169
225439
208684
167943
123638
93658
89076
112724
145440
161189
154690
138533
124892
120738
127598
143000
163691
185165
198247
196118
185147
174286
162686
150868
144934
148248
152026
147297
138836
137774
151568
178330
204262
216233
213328
202550
187222
166366
146663
134242
129251
135489
155213
175939
183785
181293
173745
163544
155516
149152
135339
115455
109164
127683
158970
181114
177515
150846
119275
100262
96439
99622
110742
128597
142598
151333
163713
178897
184177
175531
165753
163935
165643
166885
167905
165824
158373
147748
141617
147477
161512
172318
172085
166736
168521
183128
209293
238267
250012
227388
182409
147809
140592
158506
191267
218626
220825
201022
177297
167389
175402
194284
212889
222690
227608
231831
224514
198054
162014
135297
129408
143678
166397
180490
177538
166626
164543
181078
210034
232259
226696
192001
145388
108781
93835
99377
114881
131000
152000
183871
216401
229924
221671
207672
194937
179608
161468
141535
122980
111511
115325
141292
180558
204155
191192
158858
144588
159967
179936
181186
170256
163993
171498
196617
229426
242502
218447
178633
157059
165115
185912
202228
213610
222846
221005
195516
156942
131533
128768
136202
143648
156013
175085
187942
182281
163574
147815
139906
134070
131354
139276
155784
164906
158925
152469
158881
169549
170282
157160
132581
108951
101086
111010
127767
140990
149126
150307
148344
149160
149725
146628
141894
136923
129577
125718
134791
147985
153084
155217
164784
177415
179303
161195
133094
122842
149743
199386
237675
249733
243552
226176
201057
171144
145512
137309
155041
190071
220952
238049
245754
243216
227096
204443
184208
163436
143201
134708
139556
150678
169523
197830
221704
222319
195709
162852
150686
165274
193914
216688
218411
196620
160622
128020
112080
111918
119132
136361
162883
180429
177065
162546
151995
151211
155018
152837
141665
134825
142840
160633
178737
191890
201040
206935
212537
216931
209112
188857
169011
154743
140975
130465
134877
158019
189694
217469
234341
239126
236733
230406
216687
198027
181627
169121
160448
162612
181119
203188
208227
194816
182142
186674
202068
209584
196492
171281
154696
149745
144817
137278
127094
108945
86300
76943
95461
139291
184393
199517
175842
141471
127797
128574
123061
111754
105211
110058
127258
150769
172985
187117
189667
184482
184547
195387
202858
193541
173220
154971
146908
150882
163916
177575
181609
182497
201793
241424
275062
276505
248568
215319
193982
182456
166108
141081
125923
139591
182936
239040
276371
269759
229685
195971
193750
207328
200566
158684
103415
73234
84050
119729
154693
175693
181092
176422
174385
184593
198047
196897
175514
143226
118161
111234
111843
104983
96757
107445
146684
198336
233284
233799
201548
157264
124304
114489
122962
136691
147636
158795
176268
197663
205504
190333
170490
170375
189127
201902
193025
170167
153693
154802
164789
172729
174733
170458
164067
166204
179975
191207
189308
182084
183458
186087
171841
142657
118228
113518
122222
131771
138202
139916
137437
136535
148467
176758
202419
202839
177766
147705
126776
111665
97236
85910
85537
100784
128383
155664
171937
176655
172672
170114
175670
179706
167489
136975
107391
104743
137848
181153
195256
169346
130923
113793
128504
160766
192570
213358
223203
223104
211170
186136
155785
137096
139180
155996
176992
194100
206129
214484
224459
234509
236917
226668
203485
179002
171011
183862
200929
198423
171053
141834
134265
144856
153311
149107
141354
142680
158056
186177
217473
234238
219403
179128
143851
138437
152155
154048
135431
122722
138919
178822
216292
223741
196184
151360
113826
104667
124555
155626
182317
198425
206080
210596
214758
219444
218891
205591
180248
157359
154501
172174
200688
234248
264934
274490
250513
206904
173895
173465
202484
234606
248701
246339
235473
220584
205651
196137
194622
195433
196597
209193
230926
234749
208892
171250
149996
156653
171464
168942
148644
133013
132715
137017
141985
155665
172821
173449
151371
119465
93223
83909
91525
106872
123846
142196
157866
159632
144584
125611
118059
120988
121582
114781
109235
124779
164222
194693
193562
178177
175419
189462
209711
226273
225024
196474
155005
134230
151379
190982
217645
206236
171082
148616
153817
174425
192592
191263
162704
125375
112962
134508
168589
192939
200261
189701
165492
141488
124408
111983
106799
111064
119998
133272
143924
136038
112818
101280
116211
135528
129815
96418
59679
50530
81828
135331
176780
191269
186270
167244
132130
90368
63325
72285
126545
210439
279303
291661
247042
184676
145086
150370
191428
228717
238059
230323
225458
233937
252242
265648
260320
236645
210453
195910
192421
186972
174329
165852
178912
208172
223612
211238
190652
180343
179816
184454
189197
182049
163546
152707
162343
180171
184185
162264
120825
85729
81801
105887
138568
165887
177885
171109
154000
141861
136390
127064
114449
117552
145439
185168
217709
226788
211415
192965
191099
203368
213177
208277
188815
172175
185573
232346
273546
270021
225756
175973
150492
161042
196072
226835
233980
222469
211596
213216
222869
227952
225701
224547
232055
240395
230997
195072
142745
95565
73664
88158
125906
154099
157475
151992
154233
160695
165466
167618
165937
160714
151770
141258
129090
114700
96805
75494
60165
67224
100895
143161
172978
186742
185563
171271
146479
114240
85248
78020
100870
140680
176286
199645
208813
200550
180567
163259
155268
156497
162212
165431
169943
182472
198206
203200
193802
179351
166635
156609
150342
150115
156395
163369
170997
180997
190806
199071
200531
181795
143883
110430
99596
108762
126521
141903
153135
164854
175131
171430
147847
117489
91308
72427
70271
88296
114387
140800
164890
179567
180678
167873
146333
126276
113344
107943
109333
119967
144381
180763
213714
228807
225942
210509
187131
170591
173228
193087
220124
241693
248319
236585
219656
214245
215788
214309
213925
219820
234575
254891
263230
250594
225522
200908
183010
170082
161243
159433
169118
190927
220075
244736
249435
230287
193013
153497
133547
139859
156910
168161
168458
163859
160701
155829
145323
138045
146608
171821
195671
195304
172034
148520
143513
154345
161927
157094
145846
138127
139590
154152
177471
194969
198750
193898
195331
212612
236815
246393
231296
204451
191825
197476
204693
206768
203950
189256
168787
166683
193542
232930
255178
244718
212387
179484
158626
146759
143095
157858
185773
202799
195262
173144
147598
125623
118671
131791
151654
157310
140631
115946
106265
119607
139348
146422
143435
