178079
172237
164519
158481
155078
154554
155339
154769
151335
147493
146587
148391
150957
151452
149992
148183
147954
148645
149394
149112
148349
148283
149386
150509
150628
148726
144447
139479
136525
137418
141665
147008
149695
148276
144195
140998
141212
145901
153364
160289
164216
164314
161220
157077
153484
151100
149696
149244
149361
150765
153663
156904
158874
160442
162921
166415
169846
171581
171137
169491
167977
167722
169322
172732
177205
181652
184889
185787
184446
182063
179037
176047
174570
175733
178161
180400
182401
184255
185717
186037
184933
182929
181507
181542
184087
188593
192775
193645
191137
188256
186948
187124
186425
183333
178318
175016
175648
177635
177807
175718
173336
171800
171162
170422
168851
166239
163783
163806
165716
167194
167745
168456
170373
172363
173553
174203
175932
179760
185063
188376
187441
183889
182102
183142
184552
182307
176265
170278
168755
171890
177640
182651
186161
189684
194423
198469
199493
197443
195104
194433
193202
189836
185973
183695
182455
181436
179121
175834
173717
175312
180628
186530
189651
189976
188909
188112
187013
184155
178628
173011
170979
173650
177987
180233
177866
172291
166765
163638
162723
163046
164599
167158
170342
172868
173775
173863
175937
180503
185722
189609
190817
188621
183511
176925
169538
163201
158768
156105
154309
152672
151060
149621
149502
151622
156607
162852
168882
173274
175371
175198
173797
172967
173697
175922
177484
176447
172797
168146
164882
164310
165483
166802
167512
167369
165980
163350
160344
158326
157735
159272
162578
166602
169304
169641
168531
166722
164705
163376
164068
167522
172901
176874
176702
173115
170226
169001
168221
166876
165791
164861
164141
163009
162096
161614
161013
159884
158514
157679
158561
160309
161243
161811
163538
165819
166788
166584
166351
167058
167429
166437
165273
165770
168507
171825
174212
175344
175406
175871
177304
179015
179147
178339
177591
177427
177547
178310
179836
182214
185659
189454
193000
194837
193940
190240
186373
183792
183578
186370
191493
195753
196440
193400
188469
183264
179729
179307
179602
178763
177478
177110
176981
176438
177073
179132
181880
184307
186303
186885
186590
185863
184473
182089
178915
176152
174613
174240
172483
168799
164612
161150
158227
155433
152421
148811
145452
143949
144752
147891
152265
155814
158399
161267
163361
163248
161211
159457
159138
158828
157117
153462
148650
145248
144544
144544
144316
144831
146048
146121
145697
145404
145697
147977
153389
158941
162569
164458
165091
163177
159280
155596
153808
153993
155845
158807
162175
165733
169068
172715
175896
176853
174341
169843
164975
160982
159098
159625
161190
163734
167511
172230
175402
176052
174736
172482
169339
166121
163995
165304
169884
176635
183653
189101
192995
195928
197256
196312
192115
183989
174460
168457
167434
168349
169190
170093
172543
176655
181283
185139
186399
185857
185672
187972
192841
197896
202341
205945
208052
206438
202234
198315
197038
198630
200482
199424
195524
191272
188847
189622
192709
196704
199878
201584
201835
199587
193898
186420
180344
177142
177306
179997
183327
185595
185815
185398
185058
184795
185164
186536
188506
189342
187719
184412
180248
175461
170859
167530
165059
161855
159235
158577
159064
158924
159300
159847
160281
160853
162242
163557
164352
164153
162461
159070
155700
154073
153638
152731
150536
147669
146404
147163
148098
147838
145050
140923
137597
136632
138551
143325
149331
154730
158365
160818
162609
164017
163499
160379
155852
153228
153123
155347
158770
162445
165328
167385
169678
173508
179001
184026
186548
184622
178087
169254
161185
155680
154012
156360
161468
166391
168831
169306
168224
166280
164705
165518
169644
175533
180624
183315
184087
183495
183395
184211
184627
182844
179112
174415
169334
165069
162631
162663
164767
169004
173804
177110
178832
180356
182432
184139
184734
183836
181932
180830
181247
182494
184170
186241
187566
187623
187051
186284
185649
184764
184801
187396
191283
194417
196085
195698
193435
190008
186566
183474
181753
180941
180885
180407
179945
179872
180962
183515
187618
190949
191734
190315
189828
191120
192170
191089
187854
183611
178918
174623
169943
164087
157325
151002
147432
147414
148985
150397
152553
156839
162821
169096
174125
176440
175328
172720
169989
166492
162194
159798
160117
162493
164985
166309
166569
165196
161387
155775
151071
149430
151409
154917
156903
155854
153455
152192
153220
156217
159469
161910
163110
164085
164268
162482
159127
157322
160174
166895
174492
179518
180935
178937
174983
170438
166091
161763
158731
158136
158240
157215
153992
150456
149098
151053
156102
162494
167936
170940
172550
174022
174552
174018
174617
176916
177894
174978
167919
158396
148893
141703
138355
137768
138110
138542
139255
141174
144807
149788
155227
160568
165591
168200
167388
164052
160866
159068
159733
161286
162162
161775
161011
160379
159209
157468
157222
160912
168155
175375
180010
182947
185188
186724
187934
190057
192509
194239
194960
194855
194798
195395
196559
198622
201188
203353
203637
203068
203232
204032
204227
204015
203490
204315
207080
211130
214039
213457
209118
203195
197578
192958
189768
188186
188978
192032
195743
197639
196455
193145
190229
188923
186966
183515
179194
175277
171338
167441
163684
160511
158539
157448
156343
153920
151378
149664
147944
145316
142783
141555
142651
145711
148537
149883
149431
148881
148932
148016
143969
137900
132903
130435
130268
131933
135277
139213
141771
143383
144716
145181
144840
145122
146502
148072
150151
152628
154373
153467
150107
146661
145663
147938
152922
157964
160649
161245
162521
164790
167372
168742
169311
170233
172138
173371
172924
170478
166885
163038
159771
156955
154824
155852
161044
168284
174055
177003
176874
174833
171471
168662
168734
172836
178625
182204
182932
182771
182926
183399
183430
183281
183155
183556
184239
183973
181308
177770
174821
174137
176675
181705
187426
191850
193084
191120
188651
188027
188713
189743
191918
194040
194315
192513
190702
190322
190780
192325
194771
198303
201928
203984
202853
199223
196633
196142
195662
193600
191508
190216
189066
187437
186998
188425
191349
194533
195370
192790
188399
185872
186633
189310
191413
192378
192725
191319
186908
180565
174771
170887
168625
167020
165670
164655
163433
162141
160306
157140
154114
152460
152737
153843
153981
152018
149376
146750
143862
140957
139798
141048
144321
147247
148891
148526
147308
146516
147230
148149
147630
146371
146570
148206
149098
148150
147343
148940
152123
154795
156012
156263
156879
158583
159482
157896
154770
153412
155809
160201
163030
162906
161759
162295
164792
168308
171543
173280
172121
169244
166116
164121
163151
163786
166659
170130
171146
169767
169053
171206
175292
179207
182625
185599
188166
190062
190339
187761
182396
176549
172362
170888
171431
173169
174041
173640
173408
174721
177088
178802
179109
177633
176549
177611
180108
181772
182406
182774
182085
178342
171570
165660
162692
161741
162062
164573
169203
175108
181758
187931
190988
190569
188798
188251
189193
189618
188404
186188
183937
183530
185288
187167
188248
188030
186959
185027
181865
178956
178025
179167
181328
183546
185649
187916
190715
192849
193192
190501
186662
183846
182302
180360
177394
173323
168051
162178
157842
155730
155204
156116
158926
163349
168120
172365
175393
176916
176102
173748
170982
168558
166795
165213
162782
159304
156100
154998
155472
156716
158342
159540
158968
157289
155141
153454
152485
152397
152614
153260
154390
155137
154096
151608
149535
148154
148372
152091
158257
162756
163804
162115
159296
157410
157920
160831
163544
164586
165424
167037
168535
168544
166217
161076
155427
152273
152718
154554
156012
157511
160437
165237
169870
172118
170955
169068
168681
170234
172309
173629
173995
174495
176037
177270
176146
172439
167163
161348
156669
154119
153977
155900
158898
163004
167819
171793
174985
178215
182387
186846
190223
190753
188943
185802
183596
183286
183681
182628
180490
178235
176595
175143
173624
172236
172030
173472
176385
179626
182742
186148
190153
193777
195526
195087
193563
193243
195496
199303
201833
201723
199638
198109
196940
194412
189878
185807
184428
183942
182157
179342
177472
178131
180305
182606
182361
178177
170989
165262
162407
161074
161053
162911
166306
170013
172599
172671
170140
166025
162965
162154
162104
160441
156653
151187
145285
141459
142015
146623
151551
153603
151771
148140
145848
146170
147751
148879
150871
155456
162728
169484
172742
171610
167516
162293
158137
156634
157046
157644
156360
153246
149430
147046
147330
150096
153573
155796
156525
156145
154483
153032
154239
158068
162855
168821
175423
180040
180890
177169
169933
160213
150825
144938
143195
144708
148685
153469
157716
160591
162476
163595
165250
166920
167887
168009
167958
168398
169242
169913
169916
168169
165193
163414
164147
166247
167309
166956
165986
165341
165531
166349
166665
166981
168745
173153
178501
183493
187762
189847
188871
185773
181757
178313
177225
180148
185315
189334
189630
187536
185252
185316
187688
189699
189650
189637
192606
197892
201641
201134
198074
195373
193539
192465
192393
192871
193264
193298
192845
192666
193857
196563
199135
200096
199989
200319
200277
198359
194579
189137
182042
174573
169973
169012
170168
171197
170911
169701
169366
170717
171796
171482
170865
171148
171831
172240
171671
169217
164274
158105
153570
152489
153598
153959
151642
147062
142390
140344
142027
146124
150490
153233
154962
157010
159846
162251
163073
162495
162631
165237
168628
169047
165056
157977
151829
149206
151177
154857
157075
156819
156822
159330
164286
169956
175210
179254
181207
179804
176232
173143
172033
173240
176064
179416
182474
185483
187247
186536
183060
178142
173952
172305
172902
172830
169701
165854
165528
169690
174986
178118
177784
176406
177274
180440
180892
175917
167647
160346
157065
157489
159603
160282
159286
158694
158658
157625
155063
152101
151067
153510
158106
162010
163126
162145
160661
159888
159671
160214
162439
167025
173319
178984
182853
184961
186235
186545
185061
180403
173565
167199
163044
160786
159028
157674
157351
159523
164312
170064
174611
177500
179838
182867
187050
191627
194658
194966
194310
195471
197899
198795
196642
193438
191071
188308
184059
178269
173322
171750
172779
174521
175176
174634
173246
170565
167306
165737
168756
175839
184346
191030
195031
196417
195758
192433
186988
179799
169979
157891
147243
140402
137436
137082
138537
141145
145108
151305
157238
159861
158332
153833
147426
141791
140011
142256
145822
148545
150407
153030
156673
160755
163069
162127
158484
155215
153977
154355
154239
153268
151644
149143
146398
144853
145307
147775
151561
154914
156893
157593
158981
162931
168821
174508
178431
180093
179348
176611
172784
169506
166655
163651
160236
157197
155753
155712
156090
154402
150834
149318
152910
159048
163172
163967
163239
164187
168087
174062
179283
181546
180250
176672
172481
168851
166697
165633
164630
162512
159146
155534
153080
153240
156417
160537
162570
162554
163130
165892
169852
173241
176200
178864
180823
182052
183709
185692
187467
189574
192099
193833
194529
193575
191096
186846
181727
176257
171997
171498
177484
187919
197047
200406
198927
197059
198233
202172
205828
207546
207467
206073
204369
203849
203816
202263
199175
196418
194445
192641
191208
189349
186133
183070
180770
179567
179888
181985
184001
184312
183285
182674
183973
187925
191916
191081
184778
177576
173148
171758
172246
172652
171796
169768
167522
165415
164168
163227
162885
164158
166257
168180
169913
171619
171313
168007
162533
157081
153341
152225
152644
151663
148539
145254
144683
147179
152059
158012
163725
168844
172600
174801
174213
170096
162657
154536
148649
146413
147439
150930
155480
158510
157858
153735
148578
145348
146047
150113
154886
159147
162961
164985
164216
160829
157456
155741
154847
153490
151479
149654
149545
151359
154047
155768
155487
153564
152946
155234
159951
163537
164297
162176
159041
157300
158598
161713
165303
169311
173989
178210
179696
178314
175319
172661
171725
173280
176955
182375
188530
194029
197170
197483
195755
193721
192655
192401
191618
189583
186744
183875
181096
179029
177275
176834
178853
183629
190171
196294
200394
202132
202215
202099
202655
202438
200677
199484
199406
198805
197320
195139
191181
184703
177094
171235
168789
170990
176322
181995
186100
188315
189092
188549
187235
184770
181773
179317
178060
177449
176365
174074
171207
169420
168148
166576
164967
164526
164330
163591
162975
162943
162895
161485
158469
154570
150275
147788
149292
154380
160780
166548
170206
171865
172088
171100
169174
165855
161935
158536
156214
155140
154803
153987
151757
148113
144379
142368
142610
142841
141742
140452
140716
141970
144276
147567
151499
154388
155161
154717
154364
154066
152796
150678
148207
146481
145626
145573
146317
147586
147711
145549
140483
133874
127683
123454
122148
124118
128868
135377
141741
146547
149038
149800
150022
150530
151686
155457
161849
168014
170490
168817
166055
164763
165425
166259
165692
164546
164170
165089
166838
168331
169467
171518
175483
180634
185376
189705
193705
197449
200029
201368
202513
204508
207317
209307
208475
204727
200917
198615
197617
196810
195408
192757
189285
187559
189378
193552
197502
199964
200829
201295
201642
201849
202087
202670
203295
202860
200220
195700
190876
187565
185977
185662
186190
188399
193103
199029
203834
204814
201208
195322
189210
183978
179919
176324
172177
167397
163102
159608
157446
155401
153631
152528
153664
157467
163363
170094
176720
181713
184058
184449
183863
182075
178491
172402
163908
155160
149257
147781
148721
149748
149553
148800
149234
151627
154372
155474
154860
154097
153796
154655
155957
156199
155367
155503
157586
161056
163045
161521
156281
148893
141524
136975
136799
140185
143939
145698
145503
143235
139768
137623
137277
136852
136560
136934
137449
138251
139881
142868
146317
149330
150886
151503
151540
151592
153208
156831
161659
164938
164943
162081
158504
155060
152056
150512
151401
154516
157386
158653
158517
158661
159437
161869
166533
172637
179537
186874
193652
197409
197375
195579
194622
194955
196363
198387
199394
199616
201203
204125
206710
207052
206273
207452
211521
216142
219435
220690
219623
216833
214055
212478
212957
214402
216108
217129
217991
219261
220481
220090
218295
215582
211582
207033
204350
204365
206041
206598
203099
195591
187674
182841
181307
181289
180634
179150
177284
175541
174370
173100
171728
171053
171438
173172
175134
177040
178121
177673
173896
167964
161680
156254
151404
147613
145705
145086
145173
145646
146181
146335
146421
147189
148861
151866
156325
160189
161248
159729
157503
155857
154246
152553
151506
151868
152032
150629
148591
146810
146252
147976
151731
155892
159070
159553
156958
153038
149733
147248
144131
139235
133373
129982
130917
135862
141991
146212
147415
147312
149460
154640
159146
159482
155983
151218
148069
147985
149069
148295
144329
138864
134594
133662
136537
140124
141773
142274
143239
145743
151275
159387
167540
173314
176908
178926
180526
182002
182613
180134
175238
169619
166222
166738
170433
174011
176030
176829
177055
178141
181138
185974
191243
195215
198106
200944
203020
203865
203225
201341
198695
195908
193379
192270
193310
196114
198795
200541
201385
202414
204261
206518
207627
207129
204691
201001
196948
194440
193200
190781
186190
180147
174759
172494
174731
179703
184533
187758
188944
189241
190963
193292
194527
193742
191479
189207
186994
184298
179330
172441
164773
158021
153957
153695
156851
161411
165035
165532
163371
161418
162864
167252
171305
172604
171487
170616
170442
169731
167415
163493
158561
154450
153003
153555
154100
154245
154703
156245
157812
157618
155850
154604
154458
154096
152939
152304
153479
155581
155610
151712
145004
138503
136083
138569
143736
148454
150631
149712
148229
148542
150938
152521
151808
149308
147445
146981
147342
146969
145190
141463
136923
134163
135046
138491
142242
145136
146242
145888
146193
149519
154498
158838
161170
160828
158926
158555
160881
163483
163689
162154
161331
163029
166104
168548
169191
169107
168702
169084
169956
170423
170365
170814
172361
174408
176909
179400
181239
181861
181801
181504
181072
181081
183222
187368
192417
197854
202226
204975
205963
206873
207422
206442
204089
200515
196359
193672
194140
196248
197294
195329
190706
185902
184024
186241
191942
199181
204662
207307
207467
206479
204930
202126
197644
192296
187341
184452
183551
183532
183288
182070
179744
177958
179314
184879
191301
194755
194206
191708
189585
188509
188714
189352
188599
186404
183934
182115
181442
180886
179302
176987
176449
178464
182695
185997
186235
182933
178667
175590
174910
175452
174844
171380
166579
162938
161498
161652
162041
161022
158147
154512
151081
149088
149424
151927
154023
154126
152801
150619
147906
145129
142857
140934
138627
136857
136383
136689
136255
134531
131694
129989
130385
132331
135842
140731
145971
150696
154129
155681
156235
156615
156202
153488
148674
143319
139402
137548
138084
140346
143642
148318
153887
160369
167095
172598
174948
173729
171162
170281
172820
176706
179012
178789
177599
176871
176593
175817
174815
174574
174909
175464
175520
175597
176467
179094
182151
183688
183420
183729
187684
194479
200843
205197
207753
208531
207256
204554
200658
195537
189363
183748
180976
181554
184633
188205
191451
194842
198861
202728
206191
208584
209171
207656
206216
205367
205698
205854
205141
203330
201766
201684
202827
203186
201022
196372
190869
186700
184706
184136
183741
183233
183578
186057
190053
194109
195876
194595
192098
190853
190627
189158
185653
180748
175326
170821
167983
166950
166169
164980
163528
162052
160219
159091
159301
160668
161983
162852
163932
164749
163436
159554
154584
149810
146689
145670
146280
147904
149940
151121
150960
149580
147649
146940
147658
149438
151275
152316
150890
146549
140881
135472
131179
128197
127450
128535
130859
133310
134754
134913
134376
134075
133315
132129
131384
133383
138573
143927
146267
144945
141985
139003
136284
133980
132840
133344
135047
136916
137568
136280
133632
132552
135544
142266
151470
160040
166112
169228
168675
164892
160114
156923
156190
157267
157722
155557
152196
150311
151678
154212
156323
158665
162132
167099
174495
182587
188697
192000
193698
194751
195666
197115
198534
199110
198585
197767
196712
195265
192866
191132
191488
193507
196236
199443
202342
203635
203382
203740
204977
206383
207608
208672
208436
207422
206242
204677
200871
195494
189917
184987
182591
183445
185369
187205
189771
191110
189447
186368
185127
186991
192294
199239
203459
202389
196498
188409
181945
180571
183236
187325
190980
192798
192517
190920
188802
186496
184379
181940
179034
175304
170605
165817
161454
157341
153803
152498
154208
158603
163875
167771
168659
167374
165318
162763
159899
156831
153374
149629
146423
143548
140107
136982
135434
135598
135768
133939
130047
125614
123400
124477
127875
132419
137959
143748
148463
151435
152796
152580
151019
147999
144936
142284
139813
135601
129719
124461
122695
124779
128486
131120
132064
132347
132983
134941
138285
143876
151295
157518
161187
163967
166507
168570
169103
167937
166000
165473
167572
170689
172009
170860
167791
165751
167113
172004
177078
179784
179099
176777
175313
176551
180626
186798
193292
198180
200860
201477
200095
197571
196292
197807
201281
205343
209914
213611
214901
213535
210177
206020
202198
199944
197979
195230
192209
190454
191138
193836
197668
201865
206769
211654
214562
214783
214317
214572
215847
217821
219156
218846
216158
212853
210555
208244
203972
196885
188628
182423
180185
180952
183536
186715
189042
189952
190315
191764
193743
194064
191987
188064
185700
186377
189300
191392
189827
184770
179454
176849
177809
180565
181459
177222
169289
161267
156034
153085
151500
149704
148383
148711
150870
153158
154024
153762
154013
154402
154200
154124
154794
154818
152128
146815
140376
135548
134254
137013
140515
141781
141451
141704
142607
142557
140308
137201
134643
134131
135650
137545
137227
136008
135398
135612
134926
133343
131922
131582
132381
133470
133858
132707
131333
131356
132605
133967
135600
137817
140046
141830
143730
145879
148369
151566
154433
156337
157748
160171
163734
167300
169895
170923
171232
172086
174105
175605
175875
176541
179721
185247
191787
197962
201639
202605
202211
201603
201352
202106
203517
204395
203991
202019
199991
200003
202012
203730
204146
203949
202884
201276
200043
199593
199171
198808
199883
201624
202262
200651
197065
193675
192686
194348
197715
201600
204631
205958
205058
201233
196545
193164
191975
191805
192210
192445
191945
190444
188942
188038
187895
187758
186881
185607
184434
184331
184513
183024
179887
177086
175186
173316
169962
165413
160948
157158
154459
154136
156809
162019
167089
169439
168780
165943
161126
155958
151861
150019
150029
150800
151078
150521
149148
146584
143119
140682
140888
143075
144300
142325
138415
134361
131860
131299
132990
136731
141291
145239
146865
146547
144713
142210
139781
138273
138601
139340
138210
134894
131608
129765
130418
132798
136322
140293
143157
144682
145412
145916
145432
144181
143237
143741
145214
145843
145528
145413
147335
151429
154551
155065
154597
153870
152338
151453
152788
156260
161206
166950
172806
176266
176311
174554
172900
172737
174689
177949
180505
181759
182486
182444
182663
183537
185737
188414
190741
191961
193051
194596
196654
199390
202699
205799
207832
207286
203510
198336
194983
195738
199813
204250
206684
208354
210594
213617
215641
213912
208192
201131
195623
193345
193391
194225
194758
195181
194943
194866
196025
199565
203531
205625
205107
204155
204098
204138
203266
201441
198968
195041
189243
182226
175777
170688
167148
164722
163985
166164
170669
175469
179048
181287
182226
182100
179032
172856
166308
161471
158749
157677
158613
160984
163456
163617
161328
159084
158275
158460
159369
161396
164618
168073
169284
168066
165090
161905
160357
161499
164136
165769
165141
163709
162443
160185
155996
150524
145697
143205
142376
142323
142951
144109
145878
148878
153226
157476
160639
162278
161017
154911
145181
135742
129718
126545
126694
130081
135138
138759
140511
142262
146130
150721
155097
159517
163749
165627
164281
160891
157840
156231
154360
151781
149837
149453
150578
153115
155705
158103
161515
166105
171073
175635
178996
180381
180127
180136
180813
182616
185383
187395
186028
182210
178510
176950
177561
179691
181881
183731
185636
187830
190055
192108
193538
194329
195590
198369
202861
207367
210448
210551
208254
206019
204896
204044
202044
199976
198910
197949
195705
192919
191541
192790
195499
197422
198665
199529
200436
201310
201759
200511
196903
193131
191508
192477
195178
198332
199815
198554
194933
189954
185619
183741
183250
182646
181110
178912
177086
177985
180638
182145
180926
179208
179626
182002
185640
188606
189556
188442
186456
185066
184192
181845
176429
168959
162641
158489
156333
154101
150729
145689
140558
137095
137213
141458
148656
155300
157835
155759
153422
153718
154999
154762
152766
151133
150915
151168
149589
145352
138622
131246
124400
119156
116855
117279
118205
118543
120026
124038
129547
135166
138948
140321
140067
140369
141675
142760
142582
142734
143190
142738
142091
143108
145958
148963
150417
149841
148150
146115
144643
143834
143253
142113
141554
143250
146716
150610
153883
158388
165056
173492
182070
188920
193689
195889
196179
195024
192533
187718
181775
177724
177341
177909
175882
171444
167478
166796
169591
175109
181958
188819
194213
197371
198558
198579
199595
203030
207725
211427
213146
212927
210939
207544
203298
199448
196727
194494
192230
189620
186973
183818
179883
177533
179597
184458
189167
192812
196607
200085
202640
203300
202318
199477
195197
190161
186034
183517
182204
181263
181362
182693
184301
185179
185286
184538
182750
179776
175686
171752
169338
168902
168472
166353
162897
159982
159249
160702
162644
163274
162783
161931
159889
157471
155863
155787
157983
163370
168273
168090
161695
152210
143539
137272
133315
131900
132974
134962
136342
137122
137859
138077
138023
139471
144165
150030
154379
155902
153540
148902
145098
144364
146365
150202
152286
148902
141550
134658
131737
132245
134213
135684
136888
139547
144435
149403
152169
153094
153357
154448
156053
158345
161253
163674
163745
162572
163149
165540
166875
165584
161840
157839
156857
159619
164298
169747
174693
178258
180620
182215
183480
183885
184617
186551
188994
190121
189842
188577
187528
187933
188319
186113
183279
182370
183066
182471
180323
178420
178735
180452
182892
185685
187490
186595
183779
181010
180136
181278
183958
187909
190827
190423
188327
187948
189752
192719
194410
193593
191434
189864
190501
192834
193277
190564
187189
185779
187052
190744
194476
196187
195106
193947
194430
196029
196986
197037
195622
191800
186565
180812
176200
173971
174189
175636
178186
181778
186173
189489
189601
186500
181737
176900
172389
169515
167767
166811
166500
167368
169777
172658
173911
171070
164239
155836
149646
147058
146459
146467
147669
151064
154418
155463
154079
152131
150193
147794
145977
146198
147657
147500
144694
141165
139606
141400
145522
149379
150699
151191
152915
156618
160658
162184
161503
161542
163970
166781
166987
164017
159420
154693
151191
149216
149186
150892
153532
156177
160264
166516
173715
178603
179855
178079
175675
174083
173696
174362
175712
176129
174741
173164
172776
174222
175893
175765
173703
172296
172673
174529
176651
178300
179611
180441
180947
181343
181767
182625
183317
183148
182113
182325
183876
184715
183299
181422
180708
182345
186116
190205
193253
194332
194474
194163
194274
195530
196855
197026
196001
193956
190991
187471
184326
181924
180056
179364
179674
181845
186416
191778
195962
199246
202350
204100
203389
199912
194055
186853
180685
176084
172416
169084
165824
162782
160210
159270
160485
164613
170615
175835
178202
177516
174846
171836
170307
170605
171294
171672
172689
173964
173575
170869
165430
158315
151972
148730
149799
152944
156528
159971
162383
163525
164469
165898
168588
172102
173762
171278
166536
162336
160367
160032
159814
156821
151101
145400
141973
141185
142543
144685
146527
147730
148200
148860
150837
155109
161370
167738
171025
169988
165699
161264
157597
153476
148521
144998
144839
148009
152367
155451
155373
153555
152177
153580
157294
161946
164748
164866
162644
160229
158701
158422
159598
160927
161195
161006
162545
165890
169361
170890
169577
166033
163115
163440
166666
170769
173617
174461
174604
176213
178563
179195
176611
171676
167257
165603
166933
169581
172164
174172
175341
175755
176060
176988
179031
181975
184195
185779
187103
188448
189438
189208
186404
181460
176963
175618
177831
180872
181914
180921
179208
178604
179955
182662
184615
185097
185054
185429
186557
187500
187098
184793
181754
179817
178861
178201
177602
176557
174570
171130
167117
163013
160437
159664
159957
160730
162100
163508
165242
167763
170252
170865
169674
167947
165680
162725
159288
155861
152894
150327
147927
146858
147457
149972
154151
159247
164135
167216
167897
166593
165072
164989
165647
166711
167215
166715
165254
163631
161925
159926
157429
155479
153627
150717
147027
144756
145835
149710
154060
157559
160340
163084
165514
167378
168630
169739
171228
172715
173564
173852
172520
170008
168021
168058
169888
172017
173211
172780
170750
167464
164628
163282
164296
167814
172404
174837
172711
167270
162059
159666
159260
160410
162339
163797
163787
163016
162660
164111
168130
174377
180507
182954
181564
179243
177173
175038
172777
170989
170517
170437
169842
169349
170146
172056
174980
179424
185554
191906
196777
198764
198794
199232
201940
205626
208699
209403
207396
202482
196055
190492
187421
186032
184827
183421
183659
186295
189661
192685
194385
194836
195976
198029
199028
198538
197816
198234
199536
201811
204018
203533
197424
186146
174107
165032
159573
157874
159216
162769
167126
170760
172511
174407
176948
179100
179479
177601
175136
172969
170348
166430
162418
160225
161270
163486
163809
161700
158468
155124
153212
152812
152205
150531
149372
151555
156248
160803
163575
164213
163238
162263
162847
163588
161178
155688
149047
142554
135914
129224
126034
127712
131912
135517
137600
139167
141828
143969
144038
142532
140767
139648
139489
140015
140901
142669
146324
151011
154743
156096
156110
156978
158699
159646
159977
160425
162189
164835
166573
166587
164418
160907
157509
155908
156786
159680
161497
161300
161086
162452
165065
168591
172299
175330
177128
177921
177783
176739
174152
171714
171243
172101
171858
169625
166230
163011
159953
158915
162055
167379
172141
175536
178698
180759
181507
180687
179930
179810
180228
181000
182871
185627
189788
193828
196094
195375
192328
188609
184440
180017
176620
175424
174870
173760
172768
173876
177860
184132
190082
193574
195352
196679
196672
193932
188895
183316
178225
174570
172815
171751
169711
166913
164641
163556
163225
162960
163415
165093
166939
166508
163148
159094
158104
161801
168749
175231
178395
177725
175596
172956
169564
166207
163965
163005
162379
160087
156133
152852
151591
151121
151589
153333
155909
158622
161554
164885
168628
170710
170362
169137
168750
169101
168205
165729
163512
162988
163329
165307
169019
174036
179158
182847
183349
180914
177874
177674
179588
180584
178666
174818
170644
167880
166841
166543
165605
163521
160739
160112
162791
167241
171777
175439
178463
181398
183850
183658
180789
175864
170178
164334
159941
158301
159729
162140
163847
163257
160730
158809
159605
161711
162865
164027
165947
168405
170314
171425
172472
173806
175100
176682
178082
178923
178749
177668
176765
177112
177875
178787
180924
185296
190512
192548
190021
187024
187467
191573
196465
199815
200306
198874
197100
194484
189573
182409
175947
172450
171193
172076
177179
184941
191217
193506
192921
191036
187992
184329
181816
179867
176805
172778
169693
168822
170476
173394
175522
175840
175103
173939
172212
168873
165096
162707
161531
161254
161692
162888
164246
164705
163264
160815
158361
157089
156846
156681
154935
151873
148447
146454
147452
150978
154873
157905
160220
162200
164369
167173
169767
171169
170589
169094
166196
161884
157277
153858
152048
151119
151466
153288
156444
159576
162715
164671
163764
161607
162194
166484
173129
179197
182761
183514
182745
182030
180768
177496
172142
167616
165993
167785
171335
173978
174158
172679
171060
170179
170571
172699
175156
175206
172859
170475
169174
168029
167716
168883
170922
173581
175890
177173
177423
176581
174860
172431
170335
170652
173205
175240
175447
174777
174981
176679
179079
180372
180753
180664
180251
179533
178057
176362
175482
175049
175187
176611
178760
180953
184814
189766
193569
194740
193574
191167
188725
186004
182738
178565
174518
172628
173216
174858
175386
174112
171458
169388
169027
170287
172345
173124
171438
169312
168607
169475
171021
171621
169757
167248
166356
167359
168152
167581
164670
159351
154047
153184
155763
157410
156353
154026
152546
153196
155869
158512
160418
161563
162672
162960
161260
157292
152828
148664
145590
143178
141217
140216
141051
143861
148484
153787
158193
161850
164806
167593
170510
172796
173381
174014
176325
179639
182527
184194
184909
183926
179693
173102
167215
163610
162195
161977
161625
161667
163874
170214
180384
190060
196570
200947
204573
207509
209172
208544
204814
198934
193507
189823
187384
184758
181477
177239
172758
169827
168385
167688
167830
168593
168873
168711
170023
173232
177244
179773
179497
177650
176261
176799
179787
182601
182578
180296
177488
174072
169892
166011
163762
164362
167472
171775
174299
173979
171923
168668
164967
163326
164709
168688
174048
179427
182990
184068
182777
181167
180240
179089
176454
173185
169825
166724
164409
163518
164708
167628
171939
176940
180550
179874
175339
169631
166736
167205
169571
172357
174921
176727
178264
178502
177124
174633
171570
168723
166008
162959
159895
157651
155212
152408
150693
150818
151566
151946
151742
152203
154182
157191
161035
164907
167250
166853
164078
160809
159355
159573
159385
158395
157086
156865
157286
157097
156697
156159
155367
155371
156542
156759
156036
155833
156412
156761
157915
161950
168272
172541
173882
175329
178211
181681
185702
189191
190615
189695
188543
189111
190660
189552
183495
174938
168300
166182
167668
169302
170377
172037
175192
179243
182077
182961
183365
183866
184374
186345
188708
189396
188117
185856
182858
179535
177195
176433
176383
175814
173725
169581
163874
158757
155993
155389
155510
156285
158062
161215
164805
167805
169870
170794
171848
174123
177742
180806
181523
179214
176594
174749
172514
168892
165006
161613
159187
157360
156247
155851
156030
157866
162282
168436
173559
176473
177332
176957
176479
175873
174684
173412
172936
174285
176169
175030
170079
164694
162142
162751
164221
164921
165496
165701
164918
165639
168709
172691
176194
177962
177646
175510
172045
168503
166560
166594
167025
167302
166681
164169
160306
156838
155781
156567
158103
160082
162154
163574
164564
164415
163315
162515
162238
161602
160453
157498
152558
147643
144587
143669
145784
151064
158460
165214
167919
166756
164252
162211
160422
160311
162252
165679
168488
170525
172484
173832
173992
174306
174939
175329
175127
175150
175632
176048
176413
178435
181161
183024
183806
184538
185410
187858
190461
191875
191399
188415
183875
178856
175016
173223
173411
173896
174782
176037
177147
177491
177366
175608
174582
176147
180256
184721
187883
189207
188534
186912
184548
182283
180058
177900
175687
173277
171910
172784
174563
174887
172984
170179
168732
170401
174118
177432
179027
178663
176966
175468
174143
172858
170614
168959
169333
170637
171653
172586
173068
172671
170855
167561
165324
165999
169922
176183
182721
185940
185801
184148
182007
178853
174539
170035
167534
167412
168996
169426
167397
163471
160405
160808
165802
172902
178719
182471
185430
186759
185651
183333
181414
181376
182025
180384
174400
165507
156059
148731
144541
144208
147071
150910
153509
154725
155364
157423
161254
164469
164863
164349
164035
163244
161470
159625
158273
157118
155465
153861
152247
150154
148020
146442
147134
151082
158079
165522
171364
174199
175855
177523
178789
179092
180265
181770
182095
180272
177576
174989
172799
171520
170663
170103
171071
174922
179174
181108
181476
183710
187535
191048
193999
196090
195050
189767
183520
180398
179612
178128
175284
173079
174409
179050
182889
183040
179727
176153
175626
177786
179463
179426
178729
178529
179104
179534
179276
177824
175616
172907
170163
167934
167040
166863
168204
171947
176674
180646
184046
187260
189728
189442
185911
180426
176666
175564
175141
173150
169111
164336
161962
163096
166647
170687
173973
176535
178634
180930
184348
189323
193524
195549
195022
193068
191546
191048
189999
187092
182272
177529
173819
171766
170257
169399
169499
170494
171899
173372
174193
174578
173508
171629
169421
167315
165531
163794
161826
159537
157224
154733
152316
149637
147450
145150
142268
139772
139188
139501
139898
139716
140189
143492
149208
154775
156739
153929
147700
141087
136663
134967
135347
137212
139298
140718
142474
146375
152354
157975
161345
162177
160263
156863
154307
153474
154738
157606
161019
164564
165799
164049
160650
156466
153581
154455
159522
166205
171642
175629
179549
182276
182296
181083
181388
183540
186309
187430
185414
180827
175009
170353
169142
172043
177778
183922
188344
189894
189699
189230
189463
190936
193808
197096
198914
197148
193352
190163
188710
188422
187866
187139
186238
184425
180762
176413
173002
172242
175121
180338
184074
184002
180885
177339
175867
178099
182377
185715
186051
184048
181116
177385
173218
170566
170787
174742
180005
183621
183681
180284
175450
170395
166024
162947
162443
163302
163998
163959
163924
164602
166774
169596
172581
174918
177482
180265
181560
179668
174563
168660
163748
160058
156585
152843
149111
147188
147465
149193
150782
151545
151168
150183
150117
151541
152488
151319
149129
147723
147630
148368
149879
152420
154411
153951
150787
147134
146228
148538
150382
148129
143086
140247
143172
150543
157910
161879
162016
159693
157871
157837
159061
160036
160256
160851
163463
167346
170291
170420
168586
167081
167602
170048
172905
175648
178057
178964
177974
176253
175520
176776
179032
179592
177433
174838
173524
174044
175177
176227
176608
177408
179759
184057
189441
194370
196488
195496
192364
188067
182729
177813
174728
173978
175282
178123
181033
182762
181988
179470
176388
174375
175232
179203
185158
190127
191402
187782
180704
172603
168065
168790
172601
175695
176722
175100
172815
171091
170274
169733
169555
170700
172609
173840
173861
173341
171562
169372
169320
172471
176966
180739
182662
183281
184071
185045
184211
180480
174917
169939
166842
164868
163790
163781
164912
166890
168076
167901
167467
166817
165478
164722
166168
169894
173951
176633
178158
179213
180517
182268
183921
184258
183676
181621
177494
172097
166687
161222
155702
151417
149375
149886
152722
157045
161400
164003
165288
166939
169540
172115
174223
175293
175958
175831
173279
168807
164091
161009
159874
160701
162343
164160
164535
162878
159742
156519
154647
155154
157379
160539
164077
168380
173029
176630
177445
175954
173965
172681
171862
171632
170226
166725
161755
159235
161206
165532
168481
168784
168649
168823
168481
166669
165324
165803
168690
173010
177832
181202
182906
182944
181797
180004
177788
175778
174199
172969
170771
167257
164191
164633
169543
177060
183895
187959
188633
186830
183829
179783
174923
171995
172299
175027
177540
177950
177540
178108
179229
180253
179945
178394
176786
175290
174042
172596
170731
169626
170611
173464
177684
181569
183495
183363
181982
179850
179515
181428
183239
182894
180534
177758
176864
178591
181733
184205
185164
183618
179773
174785
170632
167617
165132
163414
163430
165342
169652
174346
176691
177160
177636
178732
179450
179439
178343
176802
173771
169217
165030
162566
161573
161284
160728
160470
160703
160000
157789
155929
156006
158045
160580
163608
168143
173276
174642
171351
165112
158790
154691
152636
151900
152292
153389
153704
151978
147548
144453
144807
147551
150457
152769
154678
158596
163616
168066
171241
172653
171295
167739
163610
159575
156103
152435
148774
146562
146342
147021
148386
151794
158088
165936
173100
178774
183213
185576
185250
181949
176429
171998
170103
169588
169466
168278
165660
162839
160784
160887
163333
166603
168561
168778
167722
166840
167407
169313
171987
175150
177371
178477
178002
176165
175109
175465
176022
175940
175066
174315
174540
174393
172963
172327
173005
173342
172644
172126
172650
174278
176061
178100
178947
177130
175092
174966
174851
171726
165848
159073
153719
151917
153978
157676
160730
162820
166605
173011
179635
183122
183094
179536
174276
169890
168497
168884
168152
164867
160377
156597
155548
158010
163340
169343
173670
177075
181670
188344
194124
196177
192907
186936
180705
176129
173303
171803
170806
170085
168627
166192
163740
162089
160906
159199
157184
156096
158059
163344
170553
176566
179232
180202
182736
187291
192105
194595
192942
185273
172722
159711
150403
145374
142668
140903
140244
141896
146537
152221
157507
162481
167152
172513
179445
186659
191985
193695
191053
185653
179788
175883
173398
169823
163578
156993
152149
150169
150782
152555
153929
154449
154056
154131
156748
162154
167764
172095
176022
180267
184864
188547
189249
187117
183120
177878
172083
167160
164480
164302
165476
166180
165277
163367
163111
164945
167630
170282
172971
175750
178865
181892
183990
183865
181769
179481
178582
178716
179910
181669
183300
184601
185741
185875
185594
185766
186021
184448
179332
172837
168682
168525
171268
175633
179584
183430
186706
188895
190792
193800
197043
199910
200714
200111
199605
199366
198608
196287
192714
189193
186982
184597
180470
175038
169333
164879
164528
169197
176871
183114
185122
184159
182539
181350
181222
182129
182782
183137
183567
183686
184033
184132
182837
179355
173378
166544
161149
158161
156877
155641
154209
153820
155743
159907
165306
170819
174065
174551
173086
171251
170236
168968
165645
160775
156200
153447
152781
152960
152862
153306
155416
158735
162230
164033
162463
159104
156272
155719
157323
158825
158790
157343
156402
157229
159660
162376
165432
167989
168866
168206
166397
163858
161936
162051
164489
168406
172743
176078
177626
175862
170950
164860
160870
161123
164929
168772
171572
173831
175920
176904
176158
174138
171979
172610
177587
185545
191656
193139
191020
188403
186720
186285
184708
180764
175439
171530
170780
172832
175947
178296
179463
179864
181112
183106
184969
186300
186958
186750
186130
185514
184670
182713
178547
173587
169817
167903
166910
165442
162577
159280
157296
157655
161758
168608
175615
181052
184728
186419
185249
181890
178081
175114
172881
170121
166187
162915
161248
160226
158317
156311
154443
152154
150312
150877
154042
159174
165008
169881
172312
172314
171497
170416
168437
165711
163056
160692
158900
158398
159255
160049
159336
157239
155079
153252
152107
150813
149198
148438
150565
155410
160165
162131
161944
162148
164556
168009
170779
171898
171316
169907
168844
168132
168007
167336
165717
162732
158686
154928
153663
154637
157173
160610
163042
163417
162836
164324
168656
173370
174671
173417
172019
171185
170222
169276
168774
170136
172408
174668
176153
175781
174359
172361
169240
164980
161273
159356
159894
161958
164497
167103
170766
175601
180625
183843
183782
180928
178592
178849
181054
182060
179789
175497
172064
171848
174084
174457
172357
171544
173100
174702
174612
173457
172851
172817
172443
171789
171651
173153
176347
179148
178797
175682
171445
169103
170168
172175
172597
172734
173567
174408
174291
172951
169491
165549
164234
166798
170807
173836
175791
178311
181149
181972
178617
172342
167019
164986
166252
169510
173300
175906
177785
178686
178612
178111
177359
176097
175003
173594
171079
167806
164980
163164
161827
159320
156118
153438
151513
150711
152240
155449
160138
165324
170112
174472
176989
177567
177079
176420
175085
173718
171992
171022
170726
170136
168669
166164
161871
157838
155626
154497
153373
152649
153441
156028
159549
162690
166046
169254
172379
175865
179407
181383
181613
181172
180544
179022
175753
171080
166808
164284
162804
160472
157397
156299
158925
164514
171566
177839
182302
185008
186250
186057
183991
180229
176515
175401
176912
179230
181507
183483
184895
186294
187324
187251
184778
180754
177131
174568
172135
169258
167416
168653
171443
173216
173303
173265
172897
172160
172722
174812
176509
177186
177727
179963
183434
186126
186852
185172
182868
181129
179482
177415
176168
175754
176158
177459
179250
180150
179414
175924
170212
164687
162641
163884
166213
167383
167179
166298
165570
164228
162394
161047
160753
161224
163097
166364
168539
167951
165218
161978
158268
154693
151214
147972
145092
144186
145155
147011
148901
151623
153786
153847
152718
153215
156135
158946
160407
160614
160968
162440
164479
165594
164806
162447
159972
157456
155467
154939
154781
152941
149948
147925
147794
150361
154512
158505
161345
163947
167530
171136
173927
175214
175133
175171
176548
179042
181103
182065
181800
181222
180707
180314
180622
182365
184252
185497
185735
184846
183791
183847
185494
188463
190076
188060
184123
182165
183418
186308
187396
185878
183968
183407
184740
186935
187857
187390
185863
183442
181218
179296
176366
170725
164449
160670
160486
162580
166210
170135
172736
174011
175213
177157
180208
183530
185652
185154
182910
180372
178309
177016
175696
172976
169296
164911
161048
159571
161164
164291
166630
167937
169479
172455
174892
174888
171670
167961
165717
165483
166279
167771
168612
167806
164785
161184
159201
159756
161796
164086
166419
167070
165086
161613
158503
156357
155073
155070
156397
157833
158027
156926
154886
152377
150323
149437
149631
149956
149297
148157
147609
148311
150200
151876
152734
153185
154298
156303
156901
155051
152079
149382
146906
145409
145927
149126
154066
159066
163255
167204
170520
172298
172097
171536
172658
175662
179446
183901
188709
193105
194905
194090
191505
187602
183220
179227
176199
175986
179734
186383
191578
193244
192933
192285
192287
192227
191870
190982
190129
189184
187024
182687
178423
175936
175011
174327
172853
171074
170955
173301
177099
179418
178726
176555
175577
175509
175644
174203
171116
167612
165124
164132
164220
164801
164365
163799
164338
165619
164841
162996
162339
163703
165732
167686
168791
169585
169574
168242
165156
160382
155046
150358
147599
146695
147383
148566
150714
154730
160388
165631
168670
169763
170630
172401
175283
178520
181632
184550
186653
186197
182409
177125
172322
168893
167186
166705
167993
172211
178606
185270
189262
188983
185644
181748
179572
179955
181585
182059
179436
175254
172247
170719
168291
164523
160674
157886
156951
157451
157928
158289
159433
162195
165419
168628
172084
174620
173762
168916
162319
156249
150886
147058
145627
146189
147844
150066
152883
156162
160161
163625
165921
167493
169155
171531
174642
177588
179634
180206
179501
177654
175324
173199
172393
172485
173027
173889
174666
174691
174225
173660
174172
176164
179921
185282
190828
195870
199722
200945
198699
195017
192517
192795
193084
192594
193029
195326
198072
200288
200091
197455
194412
192600
191886
189827
186509
184073
184275
186501
189982
192643
192668
189479
183565
176134
169813
166049
163947
162503
161962
162951
164573
165905
167293
169588
171279
170762
168528
164988
161501
159356
157876
156504
156133
157380
159112
158941
156084
152453
150836
152928
157568
162977
167480
170620
171838
171361
170384
169261
168497
168413
168532
168054
166355
163769
160924
158844
157837
158450
160483
162387
163541
165761
168583
169914
168919
167245
167053
167513
167514
166829
166016
165481
165674
165004
162826
160386
158422
156063
153371
150918
150154
152349
156781
161073
163044
162929
163743
166629
170744
173888
174366
171809
168617
166243
164733
163783
162856
161531
160008
159697
160327
161024
160729
160657
161000
162032
164826
170499
177323
183511
187362
187618
183674
178466
176188
176108
175453
173614
173248
175375
179180
183113
185010
183595
181830
182901
186710
190925
194070
196249
196966
195038
192785
192458
193713
195093
194188
189024
182562
179268
181305
186127
188795
187934
185225
183338
183673
184891
183978
180110
175672
173900
175558
178050
178600
176726
172831
167686
163116
159681
155901
151839
149198
148882
149694
151507
155343
161102
165760
166672
164083
159447
153912
149358
146303
144831
145404
147695
150426
150941
147856
142676
138747
137200
137490
139269
144156
151864
159400
163949
165863
166844
167931
168458
167682
164637
160468
156698
154520
154574
156630
158833
161318
164571
168032
170122
171711
173758
175754
177930
180106
182114
183714
185586
187526
189040
188701
186351
182715
179346
176897
175792
175156
175335
177091
179762
181698
181638
179619
175684
171715
170474
172407
174664
175614
177037
180733
185052
187351
186673
183867
180003
176687
175021
174225
172837
171138
170322
169115
165481
160966
158551
159542
163051
167182
170937
173624
174694
174243
172300
169474
167760
168568
172088
176951
180816
181825
180990
179051
176945
175932
175509
174207
172755
172769
175053
178169
180711
181854
182255
182690
183861
184814
183188
178762
174055
171669
173115
176382
177740
176702
174748
173645
173550
174517
175507
175028
172568
170305
169847
170392
169537
166735
163570
161741
160765
159710
156629
150856
143297
136822
133516
134005
137926
143223
145918
145970
145952
147583
149644
150349
150408
150648
152264
155453
159135
160319
159009
157012
155471
154662
154940
156245
158580
160564
161677
163297
166646
170797
174119
176817
178907
180905
182108
181934
179819
175696
169773
164303
161057
160947
163263
166964
172321
180217
187969
192655
194125
193762
192083
188706
183058
176781
171147
167727
167945
170203
172637
173886
173099
170484
168444
168427
170252
172731
174825
176935
181056
186693
191678
193744
192149
187183
179566
170765
163158
157261
152715
149153
147658
149531
155319
161558
164030
163726
164483
167593
171148
172694
172936
172834
172350
171610
171198
171944
173002
173036
170892
168027
166084
166910
170550
175797
180991
186123
189723
190809
190389
190000
189381
188370
186132
183675
182644
182242
180001
176295
172967
172106
173037
174261
175973
178730
183305
189038
193722
193958
190101
184748
180962
177498
172241
165198
158778
154036
151505
150094
149231
148633
148322
148806
150198
153710
159537
166082
170802
172319
170136
166250
163647
164575
167405
168716
166978
162802
157640
152415
147028
142920
142097
145716
152653
160135
166139
170483
172340
171590
169550
168310
170493
176123
182301
185275
183863
180210
177137
175560
174606
173478
172437
171923
173097
177289
184264
190941
193638
191703
188308
186172
185999
187461
189770
191073
190312
188368
187778
189790
192844
193713
191393
187839
185960
186483
187853
187809
184592
179918
176639
176462
178728
182945
186794
187623
185410
182051
178862
175990
171894
166882
162934
162125
165440
171993
177830
180164
179158
177269
176851
177869
177779
176351
174745
173762
173011
171007
168366
166931
167212
167859
168808
170081
172401
175313
177898
178742
177193
172480
166583
162178
161486
164213
167577
170165
172576
175108
175930
174152
170109
166724
166851
169548
171460
171131
169195
168098
168105
167686
167035
167317
168059
168446
168184
166947
165510
165101
165976
167399
166477
162670
158877
157898
159604
160739
159136
156579
155677
156698
159041
160703
160422
159686
161572
165673
169438
169378
163970
155788
149004
145483
145752
148465
150820
150608
148112
145313
145409
148161
151537
154140
155012
155436
158139
162862
168148
171373
172117
174037
178965
185416
189830
190236
186590
181620
177417
174521
172531
171890
173291
175653
176981
177720
179588
182868
185952
188060
187792
186335
186224
187755
188833
188950
188043
186155
182950
179238
176222
174563
173892
172897
171790
172076
174227
176381
178367
179308
177427
172495
167377
163549
162195
162072
160973
158194
155928
156664
160474
165584
169283
170359
169189
167098
165281
164700
164427
163640
160974
157773
155726
156140
157889
159246
157857
154167
150951
149752
151012
153609
154971
155234
155661
157355
160787
164863
168315
168998
166155
162210
159906
158902
158904
160587
163981
168060
171044
170720
168556
165969
163499
161698
161240
162060
164145
166275
166456
163805
160038
157480
158038
160600
162930
164131
165098
167224
170945
174093
175691
176175
175539
174654
174533
174967
174143
172764
171420
170909
170291
168559
165617
163427
164076
167842
172250
174467
173850
172069
170491
170397
171510
173793
176184
177549
177905
179081
181020
182743
182321
179627
176893
175808
177207
180072
181778
180303
176943
173111
170872
170146
171129
173349
175503
176257
177152
179132
180799
179460
174875
169499
166815
169566
175540
181291
184335
185046
185033
186050
188002
189655
188258
183910
179456
177057
176492
176275
175552
174777
173938
172538
171707
173374
177376
182316
186366
189144
192037
194865
195730
192860
187195
181246
178200
179091
182060
184085
183637
181484
179668
179702
182654
187141
191092
193516
194265
192630
188342
181141
172291
164958
161758
161812
162562
162798
163173
163631
163561
162355
161625
162660
165685
170368
175489
179745
181883
182101
180647
178011
174674
171854
168411
162806
155392
147908
141800
138641
138597
140928
144490
149221
154759
160274
163881
165301
164953
163877
163363
164508
166138
167086
166418
164771
163100
160835
157671
154565
152274
150124
148603
148838
152616
158719
164639
168188
169163
168383
168205
168647
168562
167666
167235
168318
170036
171784
172959
173121
172049
171826
174284
177888
179713
179743
180006
180831
180909
180613
181188
183544
186963
190112
190574
186944
182114
178811
176900
176662
177955
180278
182809
183925
184143
184623
186583
189321
190737
190066
188772
188130
188009
187130
184938
180699
175954
171921
169486
168919
169234
168719
168014
168114
169148
170240
170947
171015
171554
172902
174772
176296
177168
177888
178819
179018
178713
178535
178241
177144
174198
169705
164741
160505
157399
156370
156578
156884
157237
157297
156120
153281
150556
150954
154737
160096
165290
169939
172821
173752
173145
171514
167846
162405
155767
149723
144645
140498
137858
136312
134799
134001
136491
141569
146891
149841
150452
150334
151526
155287
160635
164107
165103
163934
161538
159459
158522
157379
154392
150674
147493
145752
144556
143164
141133
139514
139598
141413
143734
146483
150328
155275
159376
161705
162802
164498
167036
167949
166221
162518
159445
159579
162575
166152
169080
171201
173790
177095
180219
182156
182372
180838
179148
178575
178994
179582
180174
181840
185623
190298
193549
195143
196109
197372
198774
199309
197924
196423
196918
198958
201232
203369
205378
206380
204519
199596
193498
187416
182836
180055
177256
173541
170720
171683
176094
181232
183798
184459
185251
188141
191189
190485
184305
175867
169140
165969
165391
166277
167226
168658
171174
174291
175377
172656
166787
160965
157803
157754
157925
157316
157459
158796
161136
163167
163623
162790
163394
165382
167419
168502
169060
169713
170329
169724
168319
167060
166482
165002
162748
161701
162789
165871
169669
173217
173715
169575
162704
157325
156129
158672
161434
162175
161643
161839
163618
166319
168590
169357
168973
168534
168293
166859
163270
158626
153574
149543
148583
150598
153655
154960
153966
152000
150403
149483
149424
149910
149924
148569
146937
146156
146873
148656
151193
154309
156976
158661
160249
162232
164631
166998
169105
170454
171362
172572
174353
176663
179502
181980
183048
181388
178295
175577
174621
176156
178580
179689
179717
181675
186281
192745
197737
199206
197593
195075
193623
195600
199433
201794
200996
199402
198310
198030
199088
201373
201515
197211
190870
187057
187107
190356
192977
191257
185708
180548
179969
182757
184573
182861
179426
176387
176333
178131
179157
178305
177133
176069
175479
173926
171740
169585
167150
163984
160596
158451
156894
155565
154622
153639
152173
150723
150723
153041
155589
156516
156579
158498
164435
173046
179935
182508
181231
178465
175604
172979
171263
172544
175928
178423
178574
176291
173283
171972
172677
174053
173593
170667
167317
165359
165349
166251
167231
167423
167612
167808
168463
169788
172190
175973
180310
182893
182362
178191
171425
163654
157132
151667
147574
146944
150015
153945
156451
155589
151745
148002
147465
150784
155539
159485
161860
163951
165694
166913
167556
168054
167149
163990
160144
158526
158395
156900
152817
147776
143557
142395
145462
151795
158358
163353
166363
169310
172988
177599
181967
184900
186239
186168
185039
182255
178600
175095
174249
175978
178586
180579
182897
186257
190557
193096
193032
191343
190853
192879
197097
201446
202613
200566
198580
199122
200392
200547
199282
196715
193098
189516
185833
181328
176284
172674
171954
173599
176035
179030
182823
185336
184886
182213
178947
176648
175395
173934
171198
166873
162771
160465
160194
160925
160420
157892
155579
157205
163484
170247
173066
171249
167508
163677
160565
158950
159025
160556
163416
166186
166342
163355
159360
156430
154831
154010
155041
158829
165230
172935
179854
183351
183626
182259
179925
177424
175829
175340
174458
173127
171625
169954
167200
163948
161461
161082
162731
165105
165918
163754
159318
154868
152476
152857
155971
161306
167183
170240
167795
161856
156224
154041
153804
152979
151133
149119
147883
147187
147034
147125
148406
151124
156143
161286
164275
165012
164610
162505
159703
157083
155223
154502
155748
159277
163024
165541
167537
170886
175447
180117
182844
182850
181805
182261
184129
184806
182841
179949
178511
178486
179075
180580
182470
183614
183606
182046
178634
175592
174525
175412
176783
176655
175696
176471
179719
184164
186936
186522
184059
181982
181645
182019
181582
180022
179912
182333
186198
189894
191716
190222
185558
178606
171645
167177
165858
165161
163275
159624
154936
151072
149819
150810
153121
155595
158077
161104
163998
165166
162858
159373
158079
161285
166838
170665
169431
164256
158220
152859
148026
144148
142397
143738
147605
152755
157506
160899
162409
162446
163170
165852
169766
173603
176591
180033
184215
187203
187041
183925
179668
174772
170560
168190
168723
170902
173125
174859
176480
178132
180021
180275
