198861
203613
205138
202553
195986
188235
183428
185466
193295
203081
211742
218623
224854
229823
232237
230893
226432
221852
220585
222164
224323
225907
227684
231270
237737
244513
246094
240039
229163
219046
214771
219042
228655
238013
244271
247712
248333
247005
246691
249446
254783
261988
267513
266446
257688
246204
237116
233382
235398
240507
245334
249155
253513
258592
263501
267489
270195
272238
275311
279066
280358
277900
273815
272051
274680
279672
281915
279700
276086
274491
276357
280755
284468
284464
280946
276264
271543
267313
265064
266260
270070
273550
272675
264580
252068
242057
239738
246100
259213
274343
284960
288982
286858
280067
271838
267181
269060
277182
288536
296207
294432
284220
272895
265981
266101
273611
285706
298367
308739
313473
309902
298798
285637
275726
271998
273880
277331
277166
271347
260768
247965
237220
233293
237119
247926
261972
272959
274227
263641
244969
226301
214320
211214
213922
217664
218399
213329
201456
186177
172552
165322
167281
175525
182221
180899
171918
159532
149322
144901
147434
155005
164989
174537
180495
180982
176720
170059
164884
164079
168650
176619
184280
187550
184787
178988
175997
178218
184873
193864
201614
205000
203619
199106
193183
188628
189157
196637
208769
220179
225275
221404
211826
202784
200126
205692
217599
230946
241146
245607
244048
237186
227982
221532
220341
223788
229677
235144
237613
236912
234556
232288
231580
233650
239726
248671
257324
261908
259354
250929
243436
242376
247613
255699
263463
268851
271188
269619
263584
254872
249428
251386
261239
274327
284969
290655
292195
291342
290205
289083
288151
288670
290758
293869
296569
298858
300471
300932
300277
299770
300366
303938
310697
317427
321604
323256
323449
321130
317095
314799
315754
318205
319659
318670
314444
308524
303346
299338
297460
298771
302727
307385
310255
308460
299905
287824
277331
271786
272094
276683
281868
284328
282978
277690
269219
259720
251266
244798
240691
238244
233293
224312
213920
207544
208705
218103
229977
236615
232775
219704
202445
187044
177793
175451
177817
182218
186063
186720
185230
182944
181838
183524
186408
186823
182164
173472
164488
160757
164777
175654
189816
203573
213795
218694
218222
211983
202042
193320
190515
193826
200808
208665
216039
222159
227840
233380
237289
237445
233302
225431
215355
205234
197331
193951
195685
201670
211050
222302
233748
242898
247665
247545
243817
239492
237366
237971
240320
243956
248802
254784
259819
261894
260439
254885
246009
237807
233163
232896
235392
239064
242697
246490
250829
255042
257169
255706
251944
247901
244931
242561
241063
242243
246125
249943
251649
252031
253103
256185
262857
271167
276978
278204
276183
272759
271234
275395
285696
297172
304276
304141
297139
285475
273271
265176
264964
273864
289441
304940
313469
312408
304524
294993
286518
278792
271912
268637
269720
272540
274120
272083
266471
259900
254871
250979
246487
242678
240694
240212
239520
237869
234907
231473
230302
233688
240473
246380
246736
238731
224460
208872
197623
194916
201350
214119
230145
245547
254445
254075
245721
233102
221057
214252
214240
218331
222774
223879
219641
211295
203766
202057
208225
220037
231218
235252
231329
223282
214319
206858
202385
202078
206590
215383
223876
226352
221182
212354
204295
200238
200125
201085
201059
201287
203248
206234
207721
206573
203743
200669
198111
197356
199129
203190
208349
211453
210115
204613
198546
197114
202130
210828
219098
222626
218960
209728
200818
198760
206945
222872
241073
254489
259645
258756
257028
256567
257446
258452
258318
257204
257008
258711
261637
265798
271721
277834
281310
281093
277609
273765
273669
279100
287176
293043
294221
290330
284084
280644
283570
291236
298870
301211
295528
286879
282287
285507
295319
307467
317287
321514
320144
314841
308137
302226
300220
302691
306642
307602
303215
294894
285782
279285
276826
278141
282574
287308
287600
281525
273026
267922
270649
280292
291599
299029
298642
289409
273639
254909
237713
226524
223627
228387
236235
242037
243335
239648
231175
221731
214638
210457
207171
204037
199927
194253
187309
180379
174253
171434
176151
189398
205800
217351
218454
208517
193532
181554
178260
185643
202340
223343
240647
246954
238130
216592
192023
177205
177165
188228
201595
207853
203277
192452
184398
185000
195767
213789
232089
242541
241669
231215
216673
204950
199935
200593
203011
205742
208845
211495
211443
207348
201269
197212
196932
198491
199398
198536
196896
195278
193633
190976
187417
185070
186136
191279
198080
203686
207020
208070
206983
204310
202245
204483
211388
219225
224945
227410
228899
231972
236875
242022
247463
255317
265884
276571
283556
284207
278883
271155
265496
265200
272014
284717
300071
312852
318753
317006
310986
306430
306615
310725
315885
319085
319010
317473
317702
322587
331453
340722
345837
343308
333099
319939
310080
307591
311878
318587
322966
321626
313823
302108
290176
281302
276758
276517
279305
282914
285538
284878
280000
272952
267423
265631
266613
266631
262353
253476
242708
232889
226189
223872
228409
239535
251240
255657
249009
232980
214129
199711
193574
195536
202521
210828
217651
220479
219453
216326
212918
210416
208545
207145
207459
210605
215763
222067
228878
233257
232643
227429
221224
218280
223093
235529
249268
257709
258700
254846
249520
247132
250868
260248
271040
277727
275430
263412
247267
234446
229082
230659
235585
239576
241330
240731
239384
238905
239636
240552
240446
239060
236791
233471
228593
221658
212770
203435
195175
189279
187279
189165
192398
194731
196074
197113
197286
195893
193790
192609
192599
193240
193572
194164
195999
199165
202731
206025
208558
211370
216601
225153
234149
240490
243281
244261
244184
243638
245204
250998
260818
272403
283057
287856
284846
277776
272555
271104
273014
276777
279186
278304
275790
274991
276518
278913
280841
279141
271624
261287
252654
248278
249578
256702
267351
276956
281152
277931
269181
260059
255216
255907
261012
266454
266479
259577
250036
243539
243115
249620
260340
269208
270031
260749
245387
230865
223874
227634
237839
245724
244921
235735
222631
210218
201912
200258
205235
215286
227070
235557
236189
228563
217719
208300
202272
200906
204378
209774
213222
212645
208352
202815
198554
196669
195632
194564
195477
200588
209595
217718
219592
214159
207092
204849
209482
218980
228378
232516
230145
225261
221317
218959
218491
220784
223761
225739
226291
225615
223323
221755
225000
235298
250882
267386
278796
279240
266820
246028
225961
215577
217726
228965
242008
250286
252949
254709
259423
266542
273365
277041
276907
273743
269482
266580
265276
264436
263384
261473
258099
253179
247573
241961
237202
234357
234116
235364
237472
240441
244317
248229
251784
253377
250062
240997
229663
220983
216983
217901
222534
228597
234383
238599
240750
241995
245275
251641
258534
260970
257193
249522
244177
247756
261055
277071
286152
283149
270632
257188
252004
258448
272418
287110
297663
301041
297567
290144
281689
274989
273314
276454
279816
277593
268704
257634
250708
252478
263335
277859
289412
294748
294434
289321
281065
271734
261969
252340
245565
244860
250684
260093
268568
271632
265978
253519
241697
237778
243856
256498
268546
273355
267837
254853
240596
231668
232307
242818
257806
269208
269567
256491
235351
217500
211529
218100
231957
245044
249975
244152
230170
212961
197719
190362
194360
206602
219513
226037
222139
208836
193761
185125
186933
196994
209288
218525
222719
222854
220990
218281
215273
214218
217591
224378
229988
229491
222428
212464
205000
205090
213125
225336
237675
247826
254661
257861
257828
256638
257908
264061
272385
278060
277980
271853
261195
250062
242893
242334
247699
256095
263553
267264
267197
264314
259123
253458
251178
252674
256437
259849
260771
257172
250240
242935
238488
238413
242190
248634
254342
254892
248489
237703
227664
222571
222670
226097
231865
238495
243321
244293
241312
236534
233101
233418
235459
237254
237655
237063
235945
234707
233109
231817
232918
238406
246244
251113
248680
238848
225863
215314
208806
204637
201434
199582
200828
207251
218476
229962
235770
232972
223854
213904
209010
210382
214870
219130
223201
227235
230492
232179
230589
225730
220188
216657
216992
219965
222441
220840
216593
213632
215025
220716
228894
236387
239914
239260
236909
235491
236373
239495
242909
246261
252339
263130
275244
282607
282286
274942
264629
255744
251316
251502
255186
260090
264605
267714
267651
263875
257469
251138
246233
245488
250280
257406
259701
252834
239098
224815
217829
221075
230207
238493
243239
243813
240110
232048
221464
211577
206359
208392
216362
225225
230749
231755
229428
226503
224897
224539
224453
224363
224828
228281
236389
247667
257096
261215
261221
260315
261879
268205
278948
290808
299067
301698
298962
291896
283660
278065
277618
282326
290290
298029
301528
299055
293119
288172
287557
291543
297374
299620
295114
286053
277183
270270
264935
259863
255265
251751
251582
255657
261226
264710
263418
256295
245961
236865
232988
235654
242999
250973
254751
251318
242417
230948
219502
210146
203948
200204
197378
195354
194220
193279
192642
192361
191815
190518
188655
186992
185920
186115
188153
191358
193621
193330
190702
188842
191575
199844
209254
213073
208452
198236
188483
185697
191049
200545
209857
216210
217638
214486
210165
208047
209949
215080
220277
221617
218333
213756
212059
215371
223884
234767
243000
245889
244461
240405
236130
233253
231215
229136
227358
225799
223774
222702
225303
233059
243715
251466
251427
244001
234544
228037
225945
226832
228045
227505
224344
220173
215556
213183
215227
221453
228679
233795
235263
234072
232942
233485
234914
234965
232627
227879
221649
216149
213757
216554
225985
240373
255448
266482
269929
265160
256664
250880
250701
254938
260185
263226
262801
260748
260113
261681
264968
269711
274447
277801
281357
286735
292627
296606
297594
296599
295895
297217
299984
302192
303194
303559
301772
295390
284088
270500
260185
260097
272092
290941
309093
318904
316742
304357
288617
276784
272484
275863
282795
287018
284223
274849
262559
253146
252318
262220
278559
291428
293322
282280
262504
241182
225638
220804
227801
242669
258129
266064
261657
246375
226998
211252
205289
210661
225004
242369
255231
258196
251180
239908
230295
224878
222007
217473
209591
200145
191987
186612
185906
191795
202878
215213
224301
227359
224243
218036
211536
206447
204197
206901
215506
229548
245766
257664
259431
251174
237761
225805
220808
224179
232942
241803
247114
248179
247164
247453
250996
257342
265026
272183
277121
278256
275292
268196
259876
254870
255794
261334
267754
270957
268738
261831
254255
250843
254393
262974
272595
279168
280028
273973
264217
256308
253151
255512
261758
269494
277139
283424
287301
287227
284214
281911
283601
288956
295104
298069
297278
295671
295851
300486
308572
314619
313089
303792
291282
279993
274198
275483
281989
289830
297766
304637
308521
310413
312247
313399
312426
308436
301262
293014
286032
281297
278687
278289
279825
281668
283274
284283
282896
278148
270885
262471
255174
251510
251515
253472
255209
256049
255229
252415
247648
240318
231066
223848
220660
220666
221599
222334
224024
228176
233592
236679
233044
222273
208402
197204
193338
197163
204080
208791
208843
203990
197023
190588
184720
178750
172423
166391
161027
155685
150530
147339
147690
152769
160993
167739
170849
170945
169335
165501
158814
149664
139760
132751
133145
143017
159544
175978
184596
181237
167697
150233
137182
136233
150194
174899
200164
215914
216629
205278
190790
181949
182595
190584
200032
205016
203877
198167
191102
186505
187814
196080
208970
221713
228771
227036
217802
204900
191361
181360
178742
184095
196180
210961
223667
230541
231436
228168
224124
221387
221935
227223
237066
248413
256008
256508
250827
243007
237959
239774
249115
262911
277319
289578
298727
304217
306757
306848
306113
307503
311518
317418
323692
327949
327850
323602
318676
317370
320737
328262
338452
348155
353287
351837
343673
332825
323898
319240
317546
317030
316534
315044
311106
304090
295028
286706
283533
286313
290426
291293
288191
282432
276138
269840
263860
258798
254704
251328
246312
238784
229675
220483
213124
208318
205882
206119
208891
211879
212316
209465
204089
197920
193008
191192
193043
198236
206419
214302
218402
217773
214088
208954
203473
198355
194198
192543
194829
199876
204847
207521
206893
203492
199926
199389
201628
203209
200689
192759
183184
178190
180773
187452
193267
195594
195451
194056
191251
184747
173353
159365
149365
149100
158737
172838
185106
191693
192054
187725
180782
173083
165980
161019
159054
160462
165990
176190
188285
197469
200373
197560
193344
192640
197725
205626
211075
211378
208362
206594
209019
215155
222465
229251
233816
235030
233641
232722
235592
243264
254393
267334
281056
294014
304072
309580
311895
313045
314703
315855
313929
310174
308687
312453
321141
331202
338376
340286
338180
335437
333974
334577
339383
348031
356034
360004
359327
354855
348840
345096
343732
341789
337942
332432
325368
318592
314626
314588
317522
321650
325003
326437
325615
321323
312286
299875
288370
280538
276294
274413
273677
273597
274592
275560
275226
274504
275863
280162
285913
289971
289440
284396
278737
276108
276624
278619
279889
278314
273911
267758
261717
256923
254259
252219
249266
245219
241078
238386
238503
239928
239721
237007
233434
230192
228053
226424
224222
219840
213604
208299
204663
201567
199201
198334
199750
203538
207111
205494
194764
176714
159164
150863
153765
163051
169083
164928
151057
135173
125657
127693
139498
153905
164458
168470
166396
161241
156324
154425
156557
162466
170877
178509
181670
180228
177507
176892
179821
186141
194448
202476
209045
213162
215307
217995
224275
234546
246566
257253
265976
273471
280372
286545
290309
290886
290809
293026
298507
305471
311596
314392
314644
314730
314719
313118
310063
307797
308027
311338
315066
315062
310764
305843
305865
311356
317247
316351
305735
288797
272798
263898
263734
270746
280969
291935
301370
305613
301687
290476
276178
263963
258801
260667
265479
268619
268460
264458
257921
251336
246184
244607
248359
257284
266977
272785
272240
266482
259188
255398
258191
267187
279824
291081
295468
291085
280396
268235
259072
255824
258478
266044
275176
281017
279773
271526
260092
250435
245965
247855
253799
259347
260916
255697
243555
228383
216007
211209
213839
220143
225133
226168
222553
214187
202576
189823
178556
171826
172067
177396
182958
184654
180920
172545
161936
152898
147478
145176
144562
143499
140590
135542
130359
127155
128761
136448
149327
164304
176936
183192
181079
171869
159902
151740
152165
160297
169585
173703
170731
162949
155421
154172
161755
175694
191008
202061
206244
204773
201543
201591
206889
215411
223081
225665
222337
215910
209213
203880
201185
201162
204493
211592
221517
230713
236516
237032
233644
229762
228086
228452
228983
229093
229742
231929
236352
241393
245393
247175
247942
251272
259374
270056
277736
279175
276853
276056
280267
289485
299633
305463
305446
301844
298841
299928
305288
312630
318880
323511
326353
328150
329541
331821
333300
332167
328576
324806
322828
323415
324153
321217
313250
302165
291803
286080
287285
293411
299180
300721
297548
291866
287038
285763
288786
293334
294144
287784
274693
259382
248011
243985
247203
254794
262545
266654
264558
256041
243653
231933
226428
229419
239276
250876
258915
260365
255156
245066
233609
224165
218728
218078
220737
223753
224077
221381
217555
215763
217729
222012
227450
232559
235651
233477
224553
211007
198929
193913
198514
209389
218560
219897
212754
201080
189979
183346
181401
181773
181679
179327
175703
172876
171708
172002
173643
175714
177739
180699
185791
192532
199365
204368
205353
200858
193259
186989
185313
189238
197398
205982
212767
217870
222647
227912
234105
241993
250702
256903
255963
247331
235514
227064
225483
231553
243045
256102
265834
269195
266955
262207
257864
256847
260394
267398
275289
281696
285698
287525
287990
287111
285464
284665
285973
287913
288652
288902
289208
288738
288320
289592
292248
296077
301879
308636
315381
321957
327719
331381
333457
334319
333063
329431
324771
320705
318892
319611
321336
322201
321883
322319
325190
331370
339242
345226
346450
342511
332262
316776
301738
291830
288288
289309
293411
298244
302470
305388
304902
299468
290390
280606
272273
266980
263929
259994
254574
248826
243840
240985
242953
248064
251112
249503
244179
237229
231345
227855
224418
219509
215727
213976
213048
211931
210791
209308
208386
208297
207349
203216
195924
187239
180883
181462
189258
198586
203311
200682
192496
184642
181635
181492
180201
176945
170967
162198
152670
145542
142168
144660
152571
160795
163482
161214
157706
156146
157621
161915
166584
169420
169934
167686
163327
161013
162925
166540
168584
168490
167477
168195
173159
181780
190311
195508
195981
191531
184284
178590
178880
186228
197392
206404
208419
203966
199146
199145
204801
212823
218893
220738
219416
218259
221044
230167
244091
258195
267500
269556
264374
255123
246976
243937
246008
251441
257820
262868
267886
275755
288151
304460
321152
333104
336488
331639
322561
314403
312088
316570
324171
329904
330734
326088
318482
311115
306245
303699
303479
305443
308612
309976
308147
303193
296747
290953
285582
278255
269025
260460
255941
256861
260937
263050
260511
254200
247635
244856
246075
249177
250734
247606
238805
226146
212736
202083
197156
199509
206711
215463
221036
219885
211814
201287
194092
193656
199145
206876
212827
215823
217129
217195
215564
211793
205576
199106
196534
199628
205953
210922
211210
205321
195385
185741
179536
178347
182620
190850
198884
201562
195902
182592
166407
153469
149217
154233
164839
174795
178404
172940
160883
148840
143247
146260
156287
168579
177369
179567
175319
166141
155285
149177
154017
170863
195653
220889
237739
241140
232874
218654
206940
204902
213953
229485
245473
256502
259417
256869
253794
253948
258540
267694
279832
290226
294201
290574
282126
274412
272019
274950
279477
282892
285667
289062
292092
292323
289040
284301
281891
283541
288528
293731
297392
301157
307785
316466
323838
328163
330147
333005
338596
345905
351978
353775
351182
345879
340189
336795
338538
344463
353112
362537
371576
379787
385880
385984
377179
361147
344545
335552
338565
351638
367047
376086
375025
365479
352337
341914
338089
340217
344406
345279
339206
325606
308045
291964
281945
280606
286248
293345
295440
288333
273407
256008
241729
232479
228951
230060
233343
235401
235582
234837
233006
228612
220510
210017
201077
197903
200226
204238
204814
199202
188913
178315
170493
166756
168172
174548
182149
186411
185898
181011
173708
167868
166907
171460
180384
190440
195359
189792
175610
160381
151162
150996
157162
162833
164090
162391
160973
160802
160860
159383
156983
156850
160365
164087
164790
162451
158893
157151
159418
164000
166287
163925
159374
156478
158316
165164
174271
182299
188123
191666
193004
194403
197772
203300
208325
210119
207694
203811
204119
212077
227362
246892
265515
278087
281080
275204
264656
256317
255189
262760
276139
290716
302827
310582
313981
313331
310332
308274
310316
314664
317442
317182
314927
313070
315477
322173
330169
337350
344680
351296
354137
351774
345248
336704
329589
325963
325761
327856
331563
334816
334827
329771
320089
308912
300577
296967
297639
301474
306835
311750
315315
316758
314054
307301
299392
293550
290986
292221
295722
297856
296511
291815
285087
278976
276548
278057
281112
282978
280980
273946
263169
252173
243553
238982
240187
246898
254479
256886
250441
235951
220297
211606
213017
221820
232428
239889
240643
233385
218244
196869
174114
157806
152554
155702
160432
160875
154429
142266
129243
121044
119908
125581
134868
142234
142565
135501
125576
117987
114363
114098
117230
122927
128338
131535
131355
129312
128945
133564
142575
152752
162242
170309
175341
175262
169616
160213
150198
144231
144164
148451
155038
163321
172913
181032
185031
183971
181238
180696
184088
189517
193639
194618
193371
192372
195098
203219
215565
228326
238281
242830
242604
240632
240633
243867
249390
255516
260534
263257
264631
267087
270959
275828
280927
284598
285492
284140
282158
282074
286753
297294
310005
318999
320580
315191
307071
302094
303720
310104
316751
320151
318370
312840
306808
302505
300942
302667
306913
312246
316702
319728
321980
323535
324201
324242
323098
320087
314229
305415
295700
288971
286647
288146
291387
293891
295282
296276
296356
293369
286772
278317
271565
268909
270957
277193
285690
293758
298636
297738
289071
274104
258231
247877
246984
253058
259702
262188
260041
255676
252104
252320
256850
264526
272397
275924
272492
264373
256818
253467
254492
258662
263258
264621
261298
253270
241106
227069
215889
211866
214821
219692
221280
217825
211167
203245
194106
184337
176480
173043
174284
177421
178457
174362
165066
151707
135728
121335
114642
118162
129002
140954
148849
150642
147415
141583
135153
129962
129023
134278
143330
151754
155684
153438
147171
143481
147855
160484
177663
193677
205625
212585
214635
213935
214235
218251
225805
235601
245249
250832
249288
243296
238937
240254
249131
264128
281750
296378
303098
300019
289784
278248
270929
269872
274381
282526
290888
295754
295345
290880
284949
279917
276075
271739
266057
260288
256717
256258
258130
260954
264347
268338
273292
279008
284455
288033
287791
283599
275932
268151
264732
269115
279766
291822
299958
301644
297474
290733
285447
284023
286643
292754
300786
308738
313677
313825
310071
305522
303306
302221
299135
292641
285321
281272
282618
288029
292990
294609
293521
292535
293814
295818
296426
293605
287948
281709
277672
276110
275750
273473
267789
260093
253981
250834
248629
245585
242458
240906
241434
242615
241717
238177
232524
225317
217622
211126
206067
202120
199972
200314
204401
212125
221229
226217
222080
209383
193175
180147
174959
177330
181989
183684
180209
173272
168345
170281
177336
182940
183166
177799
170319
165210
163866
163903
164594
167884
174486
181952
186786
186235
181929
179550
182896
191148
201070
208576
210939
209158
206299
205107
207821
215160
222853
224882
220921
215784
213708
217422
227100
237431
242054
241486
237831
233386
229746
226854
222966
219466
219200
223387
229871
236427
240853
242392
242906
243423
242681
239717
234620
227839
221557
220608
227582
239787
251987
258640
257874
254423
253957
256858
260175
261338
260565
259530
260307
263928
270588
280060
290997
300273
304885
302752
293863
280989
268974
261026
260696
269462
284093
297601
304029
301156
291437
281105
276040
279667
291160
305800
315949
315928
305910
291612
280786
278705
284331
291953
295937
292720
281996
267645
254936
247518
246625
250655
256375
261525
264116
262970
258480
252058
245557
241154
240179
242644
247160
250434
249276
242121
231609
222149
216407
214192
215091
217133
219264
221754
225262
228394
229977
230979
232978
236406
239385
239235
234952
228184
223112
223083
227603
233789
237766
236615
230414
222966
217182
214962
215496
216678
215593
211202
205915
202657
202497
205622
210144
212443
211826
210259
208299
205971
204650
206606
212959
221149
226882
227430
224246
220740
219508
220089
221040
221474
221495
223167
226793
229051
226755
219824
212623
209332
211644
218225
227624
238361
249519
259703
265579
264674
258948
253040
250403
251820
254165
252118
243774
234321
231542
238938
253225
267766
275860
275361
269000
260283
252300
246546
243961
244919
250356
260478
271883
281027
283986
279667
271620
265170
262986
264673
268244
271705
274556
276643
277187
273701
266002
258538
256281
260708
270335
280723
285899
282500
271087
257306
249750
251864
260690
270424
276587
276579
271770
266204
261210
255081
247517
241196
239117
242524
248825
253795
253012
245444
234345
225240
222298
226523
233282
238845
241734
240828
236391
229537
221431
216459
221141
236288
254898
268625
271727
262972
247418
235554
235634
247893
266135
280368
283065
274868
263385
256138
257108
265790
276993
284865
288346
288819
285965
279575
271170
261839
254533
252206
255926
262410
266522
265604
262078
261592
266339
271543
269956
259001
242460
227229
217792
213611
211180
208548
206556
207483
211731
217977
224527
229680
232748
231470
225102
216316
209157
205368
205678
210441
217349
223419
226191
225813
223050
219493
217471
217163
218353
220829
223397
222196
217348
212087
210253
213102
220158
228295
235054
241150
247905
253279
255064
252202
246367
241501
240984
244002
247951
251189
252504
250206
245276
241285
240945
244793
251102
257449
261630
264025
263872
260025
254519
251857
253267
256432
258069
256344
250814
243451
236864
233686
234134
237088
240087
242538
244144
245284
245911
245813
243261
237071
228162
219575
214662
215572
222526
231536
237671
237799
231766
222408
213840
209238
208217
210632
217086
226325
234606
238143
236326
232475
231327
233869
237010
237545
235598
231986
228408
226809
226836
228248
232595
240972
251165
260189
266424
268648
266412
261911
257525
254615
254979
259107
265212
269982
272070
270830
266392
259329
252029
246243
243503
245877
254380
267348
279729
286433
285806
279526
270996
263169
258782
257352
257909
258152
256553
253086
248451
244050
241319
242159
246605
252352
255975
254705
247457
237028
230622
232103
240867
252352
260818
260989
251856
237879
225045
218777
222867
236759
253368
264543
265436
256021
240611
225872
216200
212382
212394
212961
210881
205782
200397
198164
201585
210891
222793
233456
238708
236413
227259
214455
202756
196127
196821
204628
216863
229736
241683
250367
254886
255632
252799
247425
240908
234132
227408
221429
215968
210138
203963
199180
198408
202932
213260
227071
238935
243307
238059
224812
208958
196972
192288
195784
205002
216307
224764
225942
219530
208432
196326
186839
182590
184002
188549
192531
194370
194322
193676
193076
193039
195729
202477
210681
215279
213269
205674
197269
193767
198671
210840
225156
236093
240267
238502
233760
229686
228710
232241
238705
245375
250275
253521
256704
260718
263799
263337
260489
259235
262047
267702
273354
277380
278607
278248
277401
275116
271182
266934
264928
265745
267221
266512
263405
259723
257295
257972
261791
265678
266463
262382
254530
245761
239973
238275
239167
240165
239860
238146
235848
233428
230616
228657
229534
233604
237508
238607
236741
233458
231227
232410
235626
240073
246243
254201
261865
266725
266922
262999
258423
257680
261537
267551
273198
278634
283243
287860
292869
297627
300179
299243
294857
289021
284021
280494
278019
275312
273017
271385
271360
273865
277965
280947
281593
280613
278107
273518
267490
260819
254618
250229
248381
249065
251139
251467
247790
240696
233155
227567
225818
227382
228093
224387
216526
207777
200885
198676
201472
206127
209177
209731
208023
205107
201777
197134
191286
187228
187497
190837
193575
194576
195284
199206
207923
218800
226942
230025
228403
224169
222112
226478
236761
248733
257977
262365
262356
260474
258794
259433
263434
269790
276654
281225
281869
279444
278198
281600
288317
293987
296360
294618
289634
284382
280860
279482
279303
279926
279482
276474
271882
268938
269996
274412
279460
280834
277042
270322
264953
263025
264976
269359
274241
276864
274204
266618
257365
251993
254980
265065
276906
283441
280876
272499
264079
259620
258878
260661
264333
269506
273962
274868
270884
264047
259075
260172
267129
275833
280960
278944
270803
260910
252861
249779
252100
256974
261909
266474
270522
274084
276873
276970
272176
263510
254001
245477
239269
236690
238103
241852
244895
245290
241812
236407
233270
235135
240281
244885
243209
232437
214786
197353
187871
190099
201992
217896
230800
235562
230576
218002
202238
188896
183205
186572
194519
200063
199033
191766
182706
176952
178105
185562
195831
203186
203362
194769
180791
167314
158617
155385
157456
164482
174769
184308
189441
187795
180557
171605
166047
166817
174240
186105
198408
206759
209253
206139
200574
197820
200981
209174
219405
228870
233695
232072
226484
220767
216865
216695
220891
228190
236212
242424
244182
241770
239086
240765
247734
257654
266595
271043
270744
268266
266085
265522
267361
272226
280336
289697
295485
294218
286931
277216
268951
265048
266150
269041
269471
267491
265151
263860
264302
266503
270377
275644
280730
283347
281264
275478
269715
266281
265900
268044
271362
274970
279254
283065
284450
282270
278035
275177
275331
276895
277626
276900
275426
274070
273934
277673
286998
298383
305597
304749
295059
279450
264894
257205
257744
264431
274545
284999
292347
293867
289226
279921
269171
261913
261518
266983
273771
275559
268790
256460
245212
240625
244676
254289
263960
269545
268038
258513
243525
228827
220346
220442
225282
228400
223463
208209
186994
166780
153894
152051
161489
177433
193087
202647
204546
199668
190481
182092
179969
184616
192492
198124
197705
189447
176185
164341
159792
164322
176046
191071
204680
214128
218461
217766
214027
211498
212318
217362
226969
239159
248651
251773
248103
241167
236063
236705
243035
250644
255147
255180
251391
246472
244155
246650
255338
268618
280501
285133
281179
269749
254805
242441
236181
236174
241982
252158
263140
269309
267963
260791
250971
242569
239098
241479
248293
257586
266589
271544
270445
263998
256460
252950
254879
259158
262685
263639
262330
260600
260087
260821
261541
262111
264116
268463
273151
276157
275940
272746
269333
269265
274226
283665
294744
302861
303995
297809
288237
280154
276306
277657
283180
290349
295584
295700
288462
275508
261073
250847
247558
250819
258306
266439
272772
276214
276976
274862
270592
265313
260208
254536
246743
236688
227409
222083
222018
225081
227667
226619
221859
216201
211443
206350
198807
188797
178263
169642
165131
165230
168238
172219
175183
175426
171917
165504
157874
151663
148221
147344
149525
155296
162889
167861
167204
163723
162659
166966
175523
183655
185782
181555
176542
175124
178866
186062
192376
193935
191770
189770
191013
195428
201313
206180
209292
213039
218917
223908
224559
220476
214941
212062
214901
222851
232187
240609
247216
251646
253954
254120
252219
250035
250408
255304
263103
270642
276131
279361
280700
280793
280324
279713
278664
277336
276194
274642
271269
266489
263627
265604
273351
285543
297944
305458
305721
300019
291985
285772
283647
286293
291205
296235
300900
304023
303957
299157
288657
274615
262588
256353
257238
263136
268819
269611
264808
256843
249784
246502
246319
246368
245804
246491
250311
256692
262565
265170
263803
261722
263541
269485
275542
276622
270433
258331
244966
235766
235102
244526
260209
274084
280065
277220
268767
259682
253553
252370
255477
261379
268609
274780
277088
273781
265318
254932
246568
243158
245514
249332
248443
240835
229244
217883
211246
210902
214296
218400
222251
225653
227090
224389
217255
206957
196773
191549
194045
199580
201279
195414
183681
173371
172232
181914
197066
208597
210897
204984
196234
189763
187866
190990
198382
208212
217955
224970
227435
223972
216371
209312
207003
210869
219084
227815
232772
232686
228493
224216
223780
227857
232893
235250
234037
231244
229911
232311
238711
247633
256928
264988
271414
276113
278603
277844
275200
272186
268769
265312
264172
267186
273707
280556
285033
285712
283550
280448
278853
281269
287955
295896
300360
299062
293036
285614
280636
280043
282798
286212
287932
287187
283957
278390
271878
268227
269539
274377
278774
279265
274422
266629
260701
260442
263923
264538
258761
247763
236179
229738
231680
240539
251941
261877
268649
271374
269913
265703
261500
259235
258243
257444
254358
247619
238508
231367
228595
230102
236321
246756
258304
265712
266199
259742
248478
237476
232385
235533
244591
254190
258975
256032
246756
235209
225995
221743
222464
226327
230172
230797
226911
219649
211425
204780
201447
201180
201860
200441
196251
191933
188208
183742
178095
173842
173693
178477
185986
192255
193365
188418
180818
174452
171308
171266
173660
178562
185534
191240
192101
188453
185492
189457
202591
219936
234098
240981
241817
240043
238528
238079
237587
237134
237937
240248
243529
249327
259553
272206
283727
291980
295032
292784
288449
285212
284810
287789
292685
297685
301839
303377
301842
298986
295809
292011
287066
283972
283779
283324
280099
274363
267513
262888
264977
272471
281125
287359
288816
283392
271728
257944
247740
244464
248009
255087
260959
263076
261940
259068
258071
262146
270949
280532
287350
289187
286173
280651
275025
271427
272301
276500
280765
281854
279694
277144
277488
280799
283475
281515
276464
273024
274039
279687
286901
289531
285770
278747
272701
270019
271335
274497
275439
271823
264162
254684
246640
242522
242135
243582
243804
239714
230838
221102
214855
213340
215001
216196
213827
207573
200393
194835
193034
196398
204045
213120
219183
217777
209730
201171
197127
198402
202267
205343
204830
199960
192961
187771
187924
194826
206577
217210
221323
217128
207310
196282
188036
185090
186907
191804
198515
205875
210337
209675
205944
202203
200407
202207
205148
205078
201680
199684
201458
204900
207344
207654
206154
205455
208105
213537
218548
220834
220802
219543
218031
216129
214277
215587
223638
237818
254181
267388
272082
267021
256438
246548
244017
250696
262495
272142
274400
268654
259055
250986
247877
249378
253966
260950
268703
274539
276999
276749
273773
269399
265244
262900
262963
265070
266823
265667
262236
258792
257132
258716
262276
264711
264194
262734
262731
266471
272949
279394
283451
286275
288966
291976
294134
294459
292959
290723
289913
290623
291601
291764
291631
292090
294235
297388
302136
308298
313534
314126
309201
300745
291006
281197
274149
270924
269044
267584
265735
261625
255350
248359
242261
238234
237777
241149
246298
248673
242619
227061
207864
193645
188926
192228
197987
199122
191826
180113
168601
160149
155317
153247
152332
152533
155424
161067
167900
174107
177721
178537
179121
180181
180857
179823
177596
175542
174196
173860
174818
176116
177588
179742
184522
192350
201732
209471
214514
216573
215508
213130
211947
212898
215313
216950
215421
210887
206229
206839
215454
230037
245857
257537
260788
256041
246415
236414
230420
231306
239220
251196
261154
263882
259215
250964
243440
240682
243638
250082
255567
257077
253950
248026
243188
244242
254308
268847
279371
279692
269526
253749
240021
234286
238363
249198
262480
274582
281978
282145
278608
276772
279617
286355
294252
299584
300608
298741
296615
295954
297414
302787
311382
320000
324455
322014
312479
299252
287641
283134
288185
300448
313892
322060
319933
307083
287858
269383
258270
256855
263834
275181
283090
281714
270299
254255
241211
236995
241449
247973
248252
237830
220661
204998
196972
197517
204413
213164
219537
221294
217579
208415
195973
186022
184321
191147
200936
206322
204125
196445
190442
190473
195646
201878
204811
202671
197460
191652
187466
185854
185903
186414
187759
189941
192166
194145
196015
197067
195766
191308
185222
179523
177003
180046
188033
198225
207325
212999
213980
212678
211980
213802
217059
219434
217844
210694
199303
190112
189260
198811
214821
229168
234077
228701
219333
214218
218250
229142
239916
245239
244642
240960
237359
235315
236445
241200
247825
253811
254415
246321
232727
221698
218855
225931
240547
256009
264245
261013
249370
237205
232576
238983
252598
265915
273403
273859
268930
262326
257842
258254
264195
272909
280095
283770
283363
280139
277281
277200
280282
284379
288829
293021
294728
291036
283204
276186
274999
280694
289579
295324
294997
288868
280819
276666
278994
285809
292549
295020
290191
279732
269426
264148
264451
266396
266239
263333
259705
257445
256625
255213
254011
255307
259726
266662
273484
276582
275449
271663
266072
259510
252307
244958
238096
232830
231108
233932
240317
246716
248041
243265
236390
233926
238773
247515
252698
249363
238973
226849
217409
213353
214134
217377
220116
222045
223683
224438
223837
221531
218070
214853
213327
213802
215702
218435
222016
225129
226247
223356
217486
211839
208698
208635
211760
216710
222156
227814
232701
235282
234737
233593
234558
236947
237934
236526
233450
231294
231970
234675
236823
238782
241290
243665
244935
244021
240782
237759
236520
237453
239677
242303
245698
251570
260130
268597
271886
267584
258035
247682
241547
242291
248522
256758
265219
273366
279946
283336
283127
280206
276794
274665
275176
278501
283626
288369
291152
293165
294666
295907
296617
295839
294100
293841
295350
295728
292315
286213
281863
281943
285295
289358
290834
288973
284782
279249
272820
264984
257858
255143
259928
271908
287533
301178
307857
306685
300176
291709
283789
278295
274955
272487
269738
266276
261531
254756
247224
242769
244940
253183
263888
272245
274059
266405
251471
235526
224789
221813
226393
234255
239267
237945
231839
224571
219062
215585
213577
212516
211641
211717
213187
214711
215255
215763
218808
226133
236521
245820
248824
244804
237238
229889
223871
218872
214098
209001
204980
203673
204607
207157
210320
212804
214173
215636
217184
217047
214555
210214
204124
197987
196339
201380
210213
217594
220078
216793
210750
206290
205435
207063
208388
207109
202707
195985
188923
184593
185602
191493
200231
208398
212498
210428
202061
191060
183829
184950
194254
206934
217871
223603
222818
217297
210829
206390
205277
207446
210581
212885
214566
215896
218864
226717
240107
255592
268403
274746
273316
265603
255067
245871
239746
236366
234166
232483
231584
232792
236013
242359
250541
257158
260365
261100
262278
266404
273960
280792
282400
278178
271070
264283
260756
259994
259167
256344
252229
248500
246016
243679
240940
239286
241807
250461
261308
266364
260464
244732
226234
214319
212784
218849
226743
231611
231576
228501
225279
226481
233319
243245
253093
259827
261222
258254
251429
242877
236047
233473
235538
239877
244407
248260
251898
256455
262435
268463
273479
275828
274912
270802
266106
264771
268824
276222
281917
280726
271670
257881
245579
240281
242638
247337
250032
249036
243861
235556
227496
221911
218572
215176
211068
206853
202918
198639
194244
190763
189811
191699
194954
198057
197868
193445
186479
179127
173097
169583
168659
169495
171874
176714
185216
196649
206997
212188
211214
207618
206275
210509
218993
228246
234831
238836
241047
241370
240191
239298
240316
245101
254034
263522
269287
268987
263123
255521
252076
255976
266380
278667
287733
289604
285884
280796
276836
274470
274146
276527
280586
284750
287589
287220
283262
277665
271538
265668
262570
264862
271580
279226
282953
280082
272008
263844
261730
267682
279292
291760
298733
296029
285305
271331
259793
255271
260350
273001
285798
290454
283244
266532
247290
233588
231253
240418
255740
269638
275049
270115
259722
251137
248500
251238
255782
259917
263687
267776
271520
272701
270519
265781
259911
254798
252456
253713
258958
265859
269539
267149
260176
253432
251294
254591
260214
264684
265808
263204
257433
250231
244720
242951
245693
252482
259794
263806
261927
253033
237324
219483
206534
202535
206527
213866
219232
220021
216780
212677
211705
215745
223926
233296
241160
245888
248953
251270
253592
254534
253375
251716
250750
248064
241489
230565
218424
210958
212523
223058
238620
253956
264320
268392
267411
263702
259744
257044
255346
253715
253022
255357
259914
262796
260880
255082
248244
244842
247307
253770
258882
259799
257048
253599
251930
254218
259433
263668
264213
260415
253507
245661
239742
237029
237651
241313
246536
250480
251685
249785
246480
244454
244862
245663
244255
240720
238392
239651
243006
244274
240053
231293
222905
218828
220694
228122
238634
248655
255647
257773
255721
252096
249351
247490
245422
240832
233984
227996
225985
229378
237689
249881
262596
268456
262403
246785
230844
224655
231975
247258
260702
266325
263118
254521
244521
234441
223887
213611
206079
202732
202321
203555
206555
211056
215769
218541
217231
212022
205553
199381
193778
189734
188967
189782
190088
189947
190881
193657
199034
206488
212310
212605
208123
203597
203384
210067
222331
234829
243263
246398
244893
240739
236125
233160
232210
232497
233155
234199
236283
241080
248100
254321
257093
255904
252029
248249
245445
244149
244036
244384
245431
246236
244581
240478
237295
239096
245658
253309
258075
256243
248062
238721
232157
229421
230062
232482
234961
236084
235367
233025
230679
231412
235711
239081
238144
234337
231528
233692
240367
246583
248015
244155
238956
236053
234981
233605
230844
227680
226402
227219
227704
226412
225232
227735
235103
244014
251414
253676
249187
241272
235667
235254
238346
242541
245325
245290
242930
240544
238386
235729
232697
231647
234859
242663
252137
258877
259903
254458
245244
236387
231233
230225
232407
235350
236164
232726
226573
220328
216197
215420
218140
222798
227897
231607
232283
229860
226379
224682
225581
227639
227933
224255
218191
211836
206045
201749
200758
202844
207143
213546
221270
228051
232091
233017
230589
226288
223610
225397
229220
232821
234728
234399
233576
233522
234281
236339
240677
246670
252696
257529
260277
259744
257642
257276
260270
265495
270689
274116
275192
273571
270051
265940
262465
261780
266034
275472
287527
297528
301206
299435
294625
290370
288957
289782
292011
295496
298733
300421
300203
298519
296872
296357
297432
297811
294145
285145
272938
261960
257827
262480
272166
281037
285428
283403
275881
265076
252024
239312
230968
230681
236491
242641
245019
242884
237834
233177
232251
235705
241512
247142
250827
250508
245963
239089
234375
235334
242014
251585
260822
267067
269508
268113
263903
258995
255165
253372
254472
258917
264056
266159
263707
257765
249522
240857
233123
227645
225469
227193
231270
234730
234158
227894
215803
202469
193478
190998
193372
197962
202054
204258
204222
203119
201336
198827
196767
196371
196720
195552
190444
180158
166072
153935
150539
157996
173558
190636
203105
206460
200468
188449
176034
169206
172144
183929
198831
209334
211749
207143
201192
198214
199566
204760
211897
217623
220286
220520
221304
225220
233645
245385
257506
266030
269140
267517
262832
258881
259123
263853
270770
278070
284779
290300
294601
297500
298351
295134
288082
280728
276471
277149
282148
287964
288519
281286
268361
256252
251572
255947
266515
277602
285089
287575
286708
283419
277507
269676
263404
260798
260769
260977
259785
255707
250318
247845
251003
257981
265458
270109
269604
265424
260770
258074
256912
256678
257735
260611
265688
272116
277532
279612
277753
273844
270783
271202
274209
277711
280254
281053
280248
278344
275836
273151
268809
262151
255926
252849
253478
256146
257735
256281
252898
249805
248784
249272
249388
248153
244975
239058
232509
228039
225917
224279
221473
217765
215032
214662
215908
217172
218011
217846
216524
213316
208610
202796
194773
184602
175787
170864
171103
176051
183321
189952
194425
197677
200902
203752
204236
201574
197332
196047
200910
209916
217433
221144
222867
224521
227286
232599
239917
246602
250144
250766
249854
250180
254113
262310
271435
277711
280162
280301
280672
282992
285966
287257
286220
283734
282106
281960
281451
279139
276637
276053
278374
281042
279716
271285
258035
245645
238373
235306
233372
231724
231446
234024
238387
241653
243051
243784
244570
245491
245064
241374
236005
233299
234252
235818
236272
235729
234472
231595
228436
225525
223387
225225
232785
244731
257302
267463
273808
276204
276303
275759
275476
275266
276141
277950
280205
283840
289412
296250
302544
305702
305001
302214
299470
296886
293826
290783
289247
290412
294936
300195
303379
303491
300440
294966
286808
276397
267159
262917
264949
269981
272480
269466
260790
248726
237187
229429
226532
228160
231374
230815
223783
211098
196306
183777
177671
179023
185484
193927
199546
198929
192442
184858
180820
180770
181726
181474
180292
178721
176848
175316
174314
174464
177578
185249
196687
208092
215163
213490
202720
187991
176853
172533
175948
186047
200545
215503
226684
230016
224517
214047
205987
205582
213169
224998
234576
238279
237617
235295
234389
236842
242774
249385
253117
252469
249463
248475
252672
261697
272465
282256
290388
296614
299585
298611
295136
291550
287777
281981
274468
268156
267310
273680
284087
292302
293688
288392
280898
275249
273660
276660
283407
291127
296142
295954
289728
278021
264346
253085
245860
241727
240179
239174
238036
238901
243657
252284
261515
266744
264608
255094
243504
234230
228115
223866
220306
217307
215537
215494
216117
217088
218241
219907
221913
224873
229826
237430
247363
256580
261144
260126
255656
251557
250408
251867
253108
254098
254925
255163
254236
253007
253008
256519
265320
277186
286021
288150
286050
283427
282443
283275
285394
287386
289121
291211
292458
289892
283447
275971
269860
266910
267262
268665
268111
265153
259568
250857
239144
226359
215526
208353
205257
204828
204114
201134
194868
184755
171433
158894
151641
151491
156526
162980
168173
170289
167456
160375
152639
148108
148651
153810
160399
164181
163566
161247
161438
166703
177404
191833
206834
219288
227985
231622
230757
227449
224589
224994
230099
238258
246207
253220
260428
269432
279777
287999
291114
288111
281467
275267
271625
271496
274513
278475
281015
280720
278699
276593
274815
272489
268512
260915
249914
238915
232000
230899
236106
247803
262487
273177
274604
264953
246358
224642
207042
198173
197180
200690
204672
206407
207317
211544
218312
223294
222317
214176
202138
191494
186085
187287
193264
199537
202852
201481
197332
193537
191483
190939
192561
197191
206087
217192
225925
229349
227671
224751
224032
225201
225045
222862
219994
218349
219532
224979
234836
247370
259283
266212
264798
257466
249517
244415
241681
240869
243288
248472
255551
263582
270618
274735
274792
271547
267188
263889
263187
264917
266380
265387
263758
264654
268882
272867
271415
263256
252145
243226
241165
246833
255819
262259
262803
257213
247982
238595
232402
230036
230494
232527
235503
237261
235069
228279
219301
212576
211955
217785
228331
240506
249790
252450
247623
238146
229690
227433
231140
236167
238295
236777
233649
231533
232118
234274
236409
239435
245701
255533
266322
275177
278058
273406
264512
257946
257045
261018
265395
266840
265769
265944
270275
277638
285806
293328
300313
307343
314181
318523
316578
306658
290521
273727
263318
262600
269078
276469
279468
276486
270800
267116
267832
272311
277041
279007
276431
269449
258993
247026
236156
229267
227393
228291
228345
224483
215998
205020
195652
195327
206796
224115
237501
240549
233038
220829
210822
207522
210661
216713
223650
228091
226606
218387
207499
200893
204786
219422
237675
251087
255209
252701
249136
248738
252720
259928
267308
271729
272551
270520
266545
261786
259176
259944
264961
273958
283847
291115
293381
291891
290197
289582
288190
283537
274799
264767
257149
252682
250870
250497
250343
250081
250016
251648
256212
262122
266380
267174
264456
259012
252064
245729
241039
237653
234587
232752
233273
235460
235955
233087
227973
222542
217865
215737
215605
214472
212626
213112
217331
222059
223033
218602
211718
207179
208816
214995
221263
223567
221340
216666
211937
207857
205081
204776
208235
214999
222177
227482
230436
232882
237133
242163
245762
247348
246630
243829
240393
237128
234510
233581
234927
239182
245728
253155
260315
266379
269959
270517
266702
258888
251650
248619
251688
259578
268461
274612
275805
271076
261695
250707
241050
233421
227378
222255
219204
219691
225210
235411
247470
256875
260019
255493
243305
225830
208168
194590
188264
188458
192068
195296
196464
197578
200900
205765
211521
218682
225056
228288
228086
225687
223257
223885
229577
239495
249717
256241
257649
255449
252650
251007
250470
251177
254190
262003
275731
292064
304496
308761
305143
297690
290689
287166
286155
285620
282644
275285
264004
253947
250645
254645
263887
274546
283040
287225
287012
282421
274997
269671
269689
271826
270802
264266
253463
243575
239497
241442
246327
251748
255053
255129
252925
250889
250367
251557
253504
254036
251436
247543
245254
246430
250454
254723
256268
256014
255301
254567
253898
253596
253797
256543
261740
265768
264389
257118
247359
240187
240155
245809
250473
248205
239890
229068
220251
215336
214963
217755
223505
231316
237776
239500
236740
231901
227576
225478
225610
226656
228399
231120
234444
235668
233706
229588
224897
222352
225621
234283
245638
255623
261146
261343
257387
251856
247444
246243
248595
253981
260543
267719
273526
274938
271514
267248
266732
272427
281522
287837
286787
278982
268125
259689
257540
261156
267167
273111
277381
279118
277132
269970
257847
243919
231935
224925
225137
233470
247072
258910
263660
260329
251873
243599
239081
236752
233905
230000
226934
225387
224492
223220
222244
224921
232654
241881
246778
245157
238835
232408
230300
233687
239537
244369
247050
247628
246468
245038
244351
244523
243854
241219
238380
237621
240289
246607
254234
261137
267074
270706
270625
265776
257526
248585
241253
235862
232228
229654
227766
227595
229639
232551
234103
232847
229516
226815
226570
228287
229596
228418
224237
217288
208574
198325
188578
181742
180001
184651
193479
202157
208238
210576
208880
203888
196894
190572
187180
187123
189201
191126
191917
193163
194141
193081
189468
184189
180660
182051
187178
190941
189774
185672
183151
186094
195027
206269
213663
213222
204651
191410
178695
172221
174321
182214
191465
198483
202291
204736
208600
214363
221138
227305
232547
237536
241857
243384
242837
243463
248690
258166
267693
272387
268663
257001
243496
236601
240146
252891
268181
277380
276181
267014
256604
251247
251736
254557
255083
252058
247647
243635
239973
236827
234941
235244
238447
242779
244147
240561
231291
220040
213160
213747
218781
222204
220893
215780
211418
211755
216833
222987
226409
225823
222746
221327
226358
237823
250603
259011
260449
256155
251607
249975
250510
251662
254264
258737
263836
266762
265739
262738
261998
266823
276335
285977
291465
290832
284506
275241
266731
263546
267827
276532
283993
287273
285428
279843
274267
270081
267824
268483
273129
280276
286999
291196
290480
284881
277528
272720
271567
273515
276692
278027
275586
270285
263324
255284
249123
248403
253229
262154
271482
275193
269471
256172
241296
230232
227341
233454
244899
255016
259668
257900
251459
243802
237466
233220
230591
228510
225886
222147
216705
210136
205669
206924
214435
227110
240986
251930
256837
257096
253955
249582
246309
245455
245786
246019
245804
243800
239054
234924
234128
236865
242174
248340
254179
260100
268045
277121
284525
287546
285684
281310
278833
280447
284712
287820
287967
285555
282900
282680
285311
288037
288818
287541
285346
283627
283809
285918
289443
293327
296974
299103
296864
288725
277572
268098
264431
267397
274305
281032
284359
283396
279722
276193
275269
279511
286997
291923
288523
275165
256454
239604
230495
229520
232659
235361
235306
233633
231759
231011
230061
227279
222003
215664
208437
200072
192184
188530
193183
204866
217487
224743
224946
220503
215523
213633
216267
220403
223255
225857
230317
235271
239050
241964
244796
246979
248346
248257
245958
242300
237976
233857
231424
232842
238123
245872
254149
261692
267603
271258
270707
265262
256753
248288
241923
239166
240599
242732
242030
237737
229644
219623
211572
209659
213335
217529
218169
211996
198311
181034
166014
156522
154813
160261
169091
176391
178600
173723
162936
151002
144093
145283
153194
162046
166625
165950
162590
158512
154619
152337
153577
158169
164881
170993
173720
173316
173565
176360
180573
185272
191485
200483
211077
220448
227053
231327
235296
242566
254194
267355
279075
288435
294340
295029
288606
278176
270047
268603
274183
284770
296254
304970
309159
309439
306223
300397
293276
287689
284501
282966
282086
281905
283087
286000
289691
291331
289897
286602
283665
280490
275190
265776
253311
241067
231510
225560
223104
223992
228447
235099
240931
242186
237289
228966
220547
212822
205812
200249
197518
198927
204717
212589
219893
226697
233277
238968
243563
246668
246618
242848
238543
236381
236179
237332
237850
238313
242591
252215
264764
274824
278478
274419
266194
259664
258071
260214
263908
266653
267562
267956
270517
273321
273133
270237
267390
266395
267199
265766
257340
242067
226247
216160
214755
219350
224587
226982
225704
221550
216717
212770
209944
207764
204740
198837
190137
181498
175654
172710
172780
178020
188352
199814
206827
205989
198838
190110
183858
181123
179973
178574
178186
182139
190889
202628
215165
227084
237201
246083
253345
257298
257069
255029
253505
254014
256485
260543
266285
273412
281034
287846
293627
299139
303740
305854
304016
297544
290062
287536
291644
298701
304771
307075
305811
303989
303201
301987
297940
291586
284905
280015
278109
277695
275970
272596
268938
266434
264969
264821
264950
264327
262622
259635
257645
257176
256749
254504
251317
249760
250708
253184
255535
253695
244919
232547
223273
219683
220580
223483
227066
231337
237764
244838
248681
247800
243416
238838
237037
238792
242725
247587
251913
254920
255902
254390
251147
247024
243888
243494
245456
249725
256271
262502
266235
267964
269358
270978
272311
271306
265308
254922
244382
239625
241528
247727
253780
256275
255489
253751
253466
255418
258253
259386
256483
248755
238164
229664
228300
235158
245340
252694
252631
244524
231647
219277
211205
208653
211220
216297
219953
219329
215406
210303
206472
205674
208002
211534
213385
211062
205667
199894
196547
196821
201297
207571
211825
211916
208026
203099
200337
201022
203584
204460
202659
200653
201846
208560
219722
231444
239267
241217
238767
235506
235310
240878
252391
266090
275839
278528
275701
270166
263562
257413
254205
254847
258552
262937
266113
267047
267612
270857
278354
288728
299593
306624
305513
295231
279956
266893
261988
267279
280061
294086
303299
306366
305656
302267
296694
290717
286961
287618
293066
299832
303299
301178
296291
292370
289985
288222
286158
282646
277166
271223
265183
259530
254963
252469
252375
253888
255865
257877
258418
257013
253547
249313
245441
242314
239532
239052
242546
247000
246318
237997
224509
213086
210879
220193
235276
246813
248753
240871
227907
216145
211593
215639
226553
239671
249483
252405
250395
248079
249671
255662
263434
268427
267547
260053
249077
240479
237539
241135
249672
258925
263772
260583
248518
231249
215601
207481
206845
208859
209386
208776
208084
207631
206476
203471
199200
196296
196103
197869
200009
201312
200738
197164
190535
183232
179424
183064
193002
202929
206126
199393
186617
176980
179627
196426
221417
243744
253742
248002
231807
215285
207851
213183
228677
247522
263120
269089
262823
247890
233439
228772
236827
253035
268991
276847
274424
265892
257280
252617
252676
255901
259874
262007
260066
254001
244734
234149
225906
223297
227001
235540
245860
253615
254732
247979
235287
220480
208062
202443
204780
213706
225375
235521
240827
240860
236418
230791
229538
235037
244425
251302
251237
242836
230212
220234
219118
228284
244390
262366
278315
288715
291186
284424
270931
257293
251969
260294
280785
304276
320012
323363
314755
300057
286910
279383
276871
278458
283924
290976
295324
294879
289719
282272
275954
274603
278489
282585
281922
274440
260937
246583
236221
230862
228763
228503
230116
234528
241062
246996
248545
243984
235522
227332
221995
220312
222932
227378
229484
226686
218718
208210
199090
195403
198971
207846
218001
225067
224927
216616
204236
193244
188234
191333
200731
210837
215806
212999
203427
191339
182756
181335
186446
194693
202999
209472
212045
209978
204444
198941
196728
199344
206431
215012
221249
222724
220204
214983
209580
206528
206887
209795
214455
219553
223212
225789
226222
224896
223618
226068
234437
244766
251211
248604
237102
222143
211481
208566
214628
226789
238916
246430
247360
241393
231747
224386
223668
230257
242119
254235
261167
260365
253066
243338
236896
238815
249238
263083
273860
277049
272300
264909
261720
266205
277447
291785
303282
308199
305996
298293
288164
279313
275337
278178
285936
293373
294344
285359
269169
253005
242354
239692
244289
253790
265619
275793
279113
273250
261593
249886
243212
242393
245695
250267
254076
256218
256494
254793
252109
250639
251368
253622
257534
261801
263887
262922
260530
258140
257085
258527
263201
268792
271223
268617
261602
252906
245516
242616
245895
255629
268393
279943
286852
287623
284158
279344
274551
269494
264664
260682
257738
255079
251889
247671
241979
234352
226450
220904
217652
214783
212094
211579
213350
214994
214415
210021
201803
192957
188474
189039
191467
193472
193599
192017
191301
193649
