158311
154845
126409
85004
52191
33846
46083
99334
169983
214528
209108
165958
117951
98963
113160
137098
153644
169513
191446
215106
242433
270461
268110
216061
144991
101590
103042
126848
142929
142449
148096
179234
218806
229038
202883
166290
137136
126326
146325
183153
203710
193632
171307
158716
155802
142405
104966
67161
69432
121068
184129
221947
240931
255381
259425
245455
213723
163213
103761
66421
72942
109517
140560
145509
136059
138813
172045
218879
235690
203015
140117
83972
64812
88990
130912
149156
137241
128794
146935
173367
175713
147811
112532
93364
96639
121170
158798
188962
188872
163902
149298
162323
187116
205921
216723
229209
249515
272377
279805
249439
183564
115200
86845
111568
161352
194246
194487
186459
194392
209495
214609
203437
180424
163539
169739
191588
203250
179583
124113
85404
108986
186673
259352
274824
241008
199360
175158
168888
164755
152297
143657
154782
172488
169354
129083
64654
17227
24338
82860
166105
227451
240633
212539
179752
172503
180458
166870
128006
101785
112540
148197
175406
177617
172196
179273
192185
186490
153105
111771
94258
116042
165854
216459
236053
225560
214015
215399
219809
209439
173637
118006
78492
93348
158463
232356
270650
259377
218350
184695
176377
180040
179458
170196
160119
155983
158256
165430
168040
157078
144789
154653
186065
211474
206504
170843
135907
134592
159625
174699
165880
151381
141296
135795
145145
162268
166165
160004
167918
203414
256663
302371
311253
276146
223584
192249
189144
193328
191014
188299
198377
217817
230877
227586
221005
229539
238105
221738
194848
188376
196132
188162
171036
173803
198492
225945
228695
194732
162823
183995
243010
289249
304518
292814
260181
214696
171034
134582
103196
90176
105144
140253
176062
190761
176749
154465
157630
184813
209874
228524
245168
237690
187349
126797
90760
66062
43327
48528
95976
151963
173049
147398
103511
85918
104934
134618
158397
171690
161631
124425
93319
98099
121912
134543
141072
156769
172403
175455
161057
137800
130967
150566
177526
186924
173475
142694
101439
75792
89387
121753
140444
143960
137560
117774
96340
85391
75599
70670
88563
125882
165937
200845
219015
206298
169543
132540
102350
74941
61445
72688
96154
117326
134746
145809
153359
170298
198534
220612
218769
190592
139838
85376
65694
94638
140607
175962
200932
210028
198944
185660
181507
181437
183141
193283
209545
221050
227601
225595
206649
179843
166458
181975
224738
266898
269561
231662
192279
183171
197153
206405
198348
185302
183719
196739
214076
225613
226331
216038
196763
178707
183657
204524
206619
188881
184777
214268
260511
282699
254804
191850
141181
130231
143015
156516
172083
198484
225659
234684
217352
183102
159117
155374
163953
185513
221688
252542
250355
219930
196752
206833
232557
232920
198346
161155
156413
182679
207480
209417
190881
167197
153162
160102
182016
193687
180797
150754
118522
93038
84506
102039
140100
185576
226732
257053
270369
251869
197213
133396
98150
103435
131787
157608
163557
153569
147870
158235
178049
198480
211462
203863
180808
159647
143188
118861
93701
92300
113867
135441
147911
158343
178816
213742
245053
241453
188816
109381
45783
24231
39061
74752
110595
131608
145409
162296
177633
177109
148464
99225
67696
91107
150364
183449
163284
128870
127558
159240
192797
193902
157223
119200
105580
100076
76769
37292
14649
32017
103140
202327
267383
257419
197485
138682
101033
84921
85827
99772
122648
140766
148059
153728
170629
197498
217848
219004
205319
190510
177543
166720
168841
191395
226110
244846
222262
165543
111720
101027
142041
202703
233045
209813
163121
148363
187714
247533
276429
253156
197375
149675
130158
131880
142745
155677
170553
194637
229092
260015
271606
265036
254107
252581
265974
275729
249238
185283
135042
146498
214959
283586
291191
235720
177046
166660
204683
252751
270621
248241
211584
197689
217653
240060
231622
203352
187818
194873
210307
218965
221338
221135
208343
181902
161218
160785
163721
148378
129783
143163
182001
199890
172202
121636
88508
98031
143979
199096
242158
271151
289929
295098
271183
202029
97542
8950
9557
50069
143222
215026
221528
175836
122890
100640
120331
158653
177151
159516
120914
88195
75314
72877
71458
84405
127649
190742
238636
242761
209138
170115
159590
182821
211188
203527
147347
83505
58855
83980
134710
179057
197508
191539
179972
173366
162963
142741
116434
89968
68871
58644
60651
81319
131375
189676
207350
172901
130679
122096
141983
163008
171173
167146
155588
142300
126125
111248
117602
149571
184105
204234
202688
178431
149751
149478
180175
205883
201254
178775
157591
134813
112570
114014
156562
224906
277959
284680
258323
230340
203348
167972
137634
133500
149592
160771
165951
178844
194887
204679
214381
225881
225617
202217
159439
120755
111498
125468
137537
139852
143853
162044
193446
223883
240604
238784
217855
191714
172569
171840
195464
216006
197108
144191
99225
90926
113942
142072
149893
141434
138059
152469
181773
213191
236955
234729
184662
105201
51198
49353
86948
142481
200199
247909
267029
241993
178433
108432
79600
99830
126547
128776
120699
131747
165296
198658
207638
191143
174951
176292
189644
212183
246876
281626
283909
240863
178446
128797
105696
109076
128935
154579
191138
234536
262259
262419
247321
235754
226566
208725
186369
165761
146123
127205
112892
109973
134261
183727
224491
241838
255851
274504
282470
263471
214962
142439
65712
24506
39733
93782
157274
198688
196332
163991
132819
121318
133859
163910
197587
221191
225294
206586
171756
141082
140393
164867
165673
122631
83014
95206
154952
222648
269871
296080
298122
260916
191223
133151
124502
152671
179088
197962
227897
258517
258984
226575
187183
159420
150282
158051
165757
154128
133764
136318
166191
193576
193982
164478
123571
98926
101510
121074
141168
157936
173536
184148
190918
190714
170453
133069
105784
101634
106744
118296
141267
161041
161422
152755
149523
145647
137019
138076
156676
184824
218164
254045
278672
286945
277698
237391
172717
116950
88978
82038
107180
182287
275082
327445
324593
282703
211598
123459
50397
23781
55681
139497
233006
277329
251536
186880
124995
94748
106681
140177
153790
136800
117293
110744
114880
137218
175871
200581
181369
121302
54060
21533
40073
88864
137854
180570
222980
255855
260966
225323
155395
87418
67508
104815
158747
185895
175594
141326
111176
117873
163290
206058
212455
187634
156384
140646
154591
197616
241613
262261
260925
248006
227808
203290
176333
145286
124729
138404
183814
238768
285302
306229
285033
236599
202218
196212
192334
159473
96663
38554
26946
68355
131732
188575
230128
245303
223319
175759
135211
121338
139705
180249
203681
178323
117012
64913
54337
91343
156041
203663
207808
193932
196809
216528
243512
274951
286466
249237
174559
104212
64450
58325
83422
132651
198335
266553
296398
256569
181715
138723
148770
193234
247108
272921
239094
164873
108011
99948
125337
155777
169644
166757
176505
217591
259793
272425
262404
236437
195634
158739
139528
116779
79265
58680
75622
109969
141925
169307
187532
198133
216887
238507
242663
222462
173441
105918
61788
77072
136114
185753
199840
184220
143282
98959
93519
131897
175656
198464
196582
181981
175984
181953
176295
150326
136352
154736
179538
184288
170550
148165
132770
147114
176918
174969
134961
102991
118688
179301
244623
266255
218296
128019
65320
67778
111119
156358
182337
186227
184168
189185
189220
169970
140699
122693
129621
161635
203071
212662
171094
122585
121276
165251
208654
217216
189748
158045
157964
190542
228338
245775
232065
198732
172900
167957
169676
155758
136196
143159
172774
193729
195435
180716
150857
121471
126670
184134
256193
275037
213607
119740
64574
66751
80303
71869
69045
103139
164388
233119
293429
312531
273427
212079
183545
193364
193345
153551
97791
69501
93207
154775
215579
246865
238522
206008
195757
236876
290727
303221
269226
228310
206415
178983
123588
57613
15499
22149
70829
133106
171582
185936
189995
200796
226916
239518
200807
124693
71228
76456
112494
128547
109594
81942
86936
148693
239150
302642
301714
232195
142983
105627
135975
179269
176105
129775
98722
123156
180213
220893
215972
175288
143290
161586
230286
308132
333106
278355
196716
167076
201901
242796
244147
223308
219700
236985
255864
255583
221490
157696
89278
56987
93421
174463
223951
199512
142936
133128
186190
238299
236296
200115
179891
193637
222272
228418
192919
134239
90463
85418
103922
108944
90132
77370
97011
147805
207952
242083
224856
164284
101414
79060
100631
134484
143554
119725
99090
114184
153870
183275
188156
180873
186420
225046
281673
310664
278792
199761
117177
64171
60947
106807
175599
235485
267563
263711
220264
155051
94022
57486
68278
127138
196995
241510
255216
242481
203113
148369
104866
85020
81561
94299
134661
190701
231424
231742
187293
124369
75226
48005
41442
71307
146915
230419
264816
240635
191670
151151
133648
134838
131217
106555
70818
46190
49762
87709
140917
170292
162601
145319
143585
155981
177239
202334
214750
200433
171311
136985
95593
60853
50829
70631
115333
175242
225856
240920
235162
240313
253380
250466
221885
167866
104040
66049
74776
113579
162232
211536
245354
250164
240423
238288
237797
221948
192659
163371
147120
153134
168336
172619
174273
189404
202273
187214
147186
107750
95430
129658
201709
265606
279237
246946
197831
151880
131442
143404
160856
164725
169283
186007
206745
223868
234004
225687
205032
200766
208436
198526
180701
188886
226586
261756
260533
220916
175644
159268
172249
190120
207319
229847
240151
217525
182161
162868
159463
167527
191372
223213
247388
254721
244786
234404
242962
265894
274940
253897
224804
204224
183803
161450
140390
121771
116456
137166
168952
185062
184893
189890
212982
244665
265585
250180
192585
118804
53695
13506
18443
69202
139618
165761
139790
105745
107196
149763
208320
249537
255415
237426
200957
137688
67156
21480
14103
27307
79885
168947
256969
315599
338975
328674
292299
245936
192897
130624
82012
74887
106949
150630
184126
192445
165384
126660
105375
99270
104350
131673
174204
201663
196815
162595
113472
75601
64248
70795
83106
93240
89029
64389
44048
63487
118217
170611
190392
168167
115187
62880
41186
46671
55250
57805
70738
105941
155271
194449
196088
165596
140834
139087
150639
169636
189513
194769
183378
171492
167982
170914
181732
199330
209434
203502
182478
152356
140057
175227
244345
298063
301388
252805
176606
119523
128772
202310
286012
324365
300395
242398
198924
192677
195251
165445
107269
62289
68468
131144
211610
259244
251508
211937
180730
175792
185939
183438
150868
115327
123566
183288
255310
298477
304057
281878
244056
209060
196017
201901
204969
191639
177950
184246
201398
204185
186046
173986
193243
229218
251602
254379
257903
272015
284272
277330
245485
203734
165153
135576
125909
139040
157215
164258
164785
175684
208189
244532
247779
214395
181659
173758
168969
134671
68872
9815
8828
28019
95763
175104
226362
237013
214712
192677
200258
226557
240514
220614
173948
119346
70412
39489
37661
63409
106899
157695
194153
192724
155089
113303
111221
153089
194247
197268
164333
121343
89388
77681
88725
112338
124508
117591
111872
122492
137047
131195
99199
69279
72075
105712
146062
170303
166979
135957
93177
59251
46165
59333
93656
137134
171271
180449
168511
146607
127845
124007
142339
187182
243962
274342
251731
185574
113950
72484
69988
98238
149083
201960
224420
213145
196180
195228
201713
196735
180512
165197
155214
146880
147527
161253
176386
177145
151228
112707
91614
99884
141611
205656
260963
270980
221266
141933
86896
90632
139477
195511
230465
242185
248251
259628
267852
255129
215740
176984
169356
189446
212702
227614
245232
279671
320781
334381
305764
243207
170219
131988
158243
240689
334615
380794
359206
303510
257742
236856
232697
231350
222278
203543
185965
178497
165493
135269
118188
151675
231632
306101
326624
291060
228928
164170
109449
80802
93905
136166
170550
172500
153258
135731
120891
103510
84214
70020
75979
111879
155052
171064
164771
166073
186507
202185
184625
137765
87683
64486
75847
104164
142425
192048
245037
282311
291368
274591
236473
191106
156478
147031
161135
174718
167787
141078
117614
119518
143006
160582
152654
129170
114931
131867
177587
219532
223704
179731
115235
60624
31116
33251
53673
71899
75151
77744
104067
154047
196083
196574
157987
112312
89680
96412
114812
130737
130821
105022
73009
67858
92734
115077
118518
123966
158569
218257
266499
276615
251205
208419
158849
108550
83016
105894
154128
181249
178972
178981
203559
240955
263377
258710
232001
198538
181477
191861
214998
222969
208880
192965
196012
206627
199128
189831
211223
246009
247991
212696
181721
185615
212132
238502
254310
251559
225401
177755
126567
110242
142689
183983
191539
170366
157658
168502
191244
207733
203253
181151
162853
163621
170767
169216
167080
171627
177336
179956
177723
159821
130522
118420
138710
177038
205817
213428
202870
187397
191087
219604
254533
274292
259742
206971
146910
114299
105710
103270
115445
158217
213308
241904
236876
217832
196476
171111
138748
100082
67638
59882
75342
107247
155000
190534
188217
164149
148242
151592
162649
168712
169078
161306
143154
132630
144106
173857
204223
198391
146628
90410
73909
94532
115117
106946
73272
41095
35686
66511
114004
141772
138654
124573
125005
151232
181106
173720
125120
75879
67603
107905
166274
202482
199686
165382
128364
112546
116085
131017
149791
161440
167332
184950
225138
268158
280721
254650
207815
161286
135417
140766
170559
211257
256367
290061
286314
249226
214248
210234
234619
257986
257203
236139
215222
204151
198110
201134
220664
232906
207761
158032
122640
125474
158634
192755
203070
186532
160891
147375
149903
157254
164582
174195
187102
208920
234506
234425
189333
122966
80214
95389
166402
238954
253122
209790
161809
147371
159373
175763
181427
167198
149444
155144
181701
206866
219489
214380
196229
182409
183244
193423
202759
218505
248614
279983
291533
269934
226113
184116
164797
176094
201716
222335
226837
212092
181096
147406
131232
139193
164075
187703
196467
197481
199681
189193
144870
74263
18386
22404
82872
165404
218413
223516
196590
166094
141987
116049
77658
28301
7122
8696
29901
95083
155234
169370
139094
101137
94587
125493
162010
179082
179562
173750
171844
178525
182346
172210
152425
139493
147945
174045
195795
200459
199420
209418
233529
251636
243966
217208
185135
151797
122228
101886
94663
101507
124430
162897
201174
209275
185530
164454
174839
210112
230657
207009
159630
125458
117222
132937
158362
168967
147679
108633
92413
124482
176747
198827
176000
130117
92971
83685
103406
140940
169693
160665
112870
70435
78485
132009
189815
218902
211243
175719
135081
119955
149017
214922
285626
321317
306970
259030
203526
165258
159216
173315
185820
198837
231540
282369
317606
313106
286758
271108
273300
279536
276891
262104
236563
206197
191322
213827
260404
281619
246911
187177
156140
163991
189154
213887
226969
212771
175312
142094
131671
134571
122918
88546
51503
37048
52029
83279
123258
170506
208970
214059
189452
159254
130510
111881
118778
139132
140222
111832
87264
101053
146819
186067
184730
148233
120000
138629
188377
230314
240391
210592
160714
132585
150910
197404
232394
236912
217047
192741
175525
165910
162766
165906
186827
220006
242783
234325
187833
123320
72565
53956
68061
107220
152120
171772
156173
132996
134123
152636
151533
119667
78421
50321
48294
67123
92123
116431
133125
129280
99959
59535
32785
36852
68666
114694
146215
138082
105262
85506
99644
140755
178958
177484
137363
106678
122485
180394
247971
288694
284609
250708
225108
230651
252024
256189
234417
207544
198641
204028
208084
209839
223239
248847
262394
250887
235987
243144
262763
271320
266590
251130
213777
157857
114401
111902
144145
177843
193338
204048
225559
240777
231266
212278
206382
206564
198772
196333
210757
215709
178947
119583
93254
117422
161590
194873
211638
217792
211362
192243
169491
152328
134193
99296
60614
60119
113815
194897
267469
307482
310784
293142
269778
239998
198298
156581
142670
157642
176593
184078
186798
196493
205089
199930
190019
201555
242465
284924
296373
266061
211445
154513
108332
85946
91852
113249
133576
143977
151487
174021
212247
238224
222036
157129
71496
15124
12826
18581
25348
45378
84489
119249
122249
101598
91393
110394
139821
153449
146741
125043
85029
30364
10594
31456
95873
153470
164182
148508
150322
176965
199462
195848
171068
145679
135141
131678
126620
127747
137470
148159
162693
190057
224162
249530
264647
274295
267087
233889
188741
149867
125776
119675
132097
160349
194273
205971
175716
136182
143626
201184
260130
274783
233506
150278
62430
22320
42293
85081
118804
141284
158111
172285
179692
178440
180722
196892
211914
193663
145150
103323
84353
93970
143800
220779
273318
263549
210951
169861
182923
246077
311867
335275
310854
264921
221658
198888
198071
202350
203927
215450
247111
282874
301389
304268
299140
288927
276222
254800
212500
157220
122655
132102
182638
240992
256104
210817
139940
93851
91063
117043
152400
186061
206442
212226
207965
180160
122320
70012
60752
89293
119828
125315
100772
68282
68067
112591
170109
207796
208076
176945
146502
143572
157453
159630
147460
140188
151659
179534
206009
210599
185068
147931
132308
143882
159888
157838
141287
138598
170922
222820
250473
219376
140781
65933
43014
83238
148220
175505
148646
110552
100437
118359
138623
140584
124959
122016
150907
187330
197680
169405
103193
28475
10395
31858
82397
125809
149415
166387
193839
228485
237862
190895
112206
69554
103357
192033
277458
303945
252263
167560
131354
166586
223947
254294
251496
235060
229446
240108
240691
212230
181103
177148
197602
229715
248052
225942
182773
163872
182598
211431
222042
209785
180317
150065
145199
165678
175587
156361
126632
120333
165448
245359
293187
271642
219591
200126
222239
247022
236249
178325
103540
73504
125346
219757
288407
300194
270656
243117
241479
239020
206478
163519
157895
198997
249836
280975
278489
231748
163841
121850
133772
192895
257875
268139
204698
117667
69840
78029
122169
178900
231871
269302
279354
255452
201530
133304
80450
59679
64304
83794
105189
112572
103988
94585
96003
104058
112566
119842
124880
138987
176135
215969
211219
144689
54025
8406
13681
36557
73661
116513
164382
195859
189672
162757
153468
163191
160191
135735
112284
107118
121531
147393
171158
182077
180030
169689
153947
139266
142567
171297
208353
230645
224110
188480
138421
93293
58723
35666
36018
65451
109512
142265
148035
128564
98158
83476
104343
139129
149093
126904
102429
107805
144194
186887
208443
204773
192562
179298
158645
135666
118047
103051
97859
123664
182081
239161
264438
253666
222388
193433
184333
193316
215153
245231
265379
259637
244176
245326
256071
249446
220735
193415
189614
214299
253320
278154
274239
258960
247626
234652
219971
215605
229718
261300
291801
284234
219550
137219
100627
132914
207798
276334
299220
274513
231802
202800
194276
198559
205511
199608
169339
130552
109114
103718
96233
91850
115587
171722
236522
272409
259552
215949
182742
190768
225595
242768
216108
152209
85542
60528
94096
154630
200598
222061
232672
246958
257467
243260
209193
182922
179739
193827
207039
197029
162300
132877
136091
172101
219194
245659
228247
181254
138576
110028
91603
85252
92801
105741
111445
106463
94205
74313
44306
15133
12965
34834
93370
150903
164397
133638
89391
56825
49028
62369
77984
87529
103201
124250
131695
122771
116959
126506
147083
162202
154453
128816
116389
131535
143266
120098
78748
60617
80937
122375
158082
176121
183303
184936
175492
159539
155553
169921
187801
197120
206003
220785
229106
224633
213351
190406
158887
139116
139928
150327
159766
170096
188862
216275
233690
221010
180449
148165
153581
178173
198516
212980
216612
202100
175615
149738
138810
151388
181599
212426
226481
220607
209242
200668
199966
213990
226417
217985
198149
181156
168959
163538
161275
158710
166630
190855
224251
249335
259102
272751
295720
311201
314259
299243
254709
196584
160636
166423
203236
236253
235811
210354
202663
240224
302443
350800
370049
351714
281504
182621
104473
68215
71230
103938
151340
202958
244734
259043
239785
203080
181110
184806
189092
169306
128940
88573
75834
104854
153107
187117
193695
174000
138048
112163
117401
147095
186754
235276
291160
324047
290681
192694
78164
9844
14920
54572
122913
195182
246001
252990
231045
213755
209304
194382
147817
92397
68219
84349
124631
164894
183571
177361
163714
156869
150158
122715
69909
36319
69906
150927
213327
209880
162437
128806
121541
111197
84651
49260
21054
15389
25200
60964
119880
163011
157087
115892
83773
84195
92876
75982
38483
18076
32470
70977
104199
116494
117594
113111
105909
109291
128793
149490
153073
156244
201239
279548
320139
281833
198437
127871
98133
101634
125160
165620
206418
228654
240409
249421
234649
182027
124949
112581
141938
170376
182775
194557
207108
203380
183926
169603
168361
154943
114541
83985
98468
137589
154848
142282
135954
163443
205191
226389
223147
210487
201772
206074
221638
243542
262372
253388
205596
147993
123912
145815
193383
240821
274027
293820
305273
307026
295680
277548
260959
240890
207958
174068
161487
175943
205366
235091
259610
279514
285881
263512
213519
170751
177716
227624
264518
251726
203382
150507
120068
127124
160888
191062
200380
196318
199190
223568
254446
272118
264539
225636
169890
129434
128406
157367
181358
187586
192256
201778
200525
172606
129244
99878
98671
118016
152088
193403
217670
200391
144531
90718
84124
121595
156871
162340
150629
149034
174924
216323
244679
241219
202808
141037
86591
73392
108857
159724
186337
185446
177345
180090
197373
207415
190341
157100
134869
139293
163282
190730
203476
187893
145403
96523
60811
43190
48010
71076
97423
117765
129033
135524
152369
183622
202995
181943
132573
99290
109477
142503
160094
147034
110916
77989
78914
118071
161724
169354
136329
99940
109521
168986
226785
232706
187429
124837
66278
26220
30043
81499
156527
218540
243447
238006
227982
225417
216224
191500
168956
165082
171365
171517
157499
137152
134979
163115
196573
209956
212695
215891
214661
209265
208034
214060
217550
205051
169802
117429
70153
54271
75790
123057
181963
228544
237938
211493
173449
149288
152399
172017
180411
156750
114223
86876
84568
98247
127189
167881
201830
224359
242741
254896
250213
217025
161349
108926
97886
145535
216515
264137
272944
248956
209665
176729
167047
180888
205361
220638
216852
213436
234877
278253
304872
280318
223438
173350
137321
116260
129628
182804
247826
290039
294080
268372
219433
155363
99911
80323
111729
170007
210724
224569
227748
219117
190404
150622
116008
101593
109183
126741
141952
147863
150877
167114
196167
221668
231785
216154
181453
162917
179822
204579
206931
189197
166052
137664
108014
102405
135671
191911
238233
247821
226275
209122
207204
195458
170177
141203
101229
58965
51932
99199
169635
220887
246532
260779
258122
223576
155986
79142
40865
63984
122966
185322
230626
233515
183710
118521
92334
113852
141280
139966
123047
120239
148658
199881
234396
223829
175426
99892
26310
14572
54241
116588
149531
147391
140109
147836
161423
155465
111745
51676
28627
64376
125967
170467
177620
164822
174886
215695
246634
234115
185927
128451
93627
111708
172554
210410
168791
87558
57687
111668
210419
281734
268117
177237
75830
22101
40166
111217
181052
211104
212389
213366
210425
179461
134285
113783
129402
172734
231418
278102
272595
209563
129241
82778
91031
128931
160652
181778
212234
244733
242920
212205
202249
225254
245349
239837
216943
196011
194916
212020
233461
244407
232952
201460
171161
172968
209367
228959
191648
133410
106981
118632
157162
200255
208114
170791
129902
135529
195324
261568
274144
226558
176175
170380
191156
196540
184429
179131
188074
211614
243282
255439
230562
190063
166067
161281
167939
188286
212006
213703
189266
169857
183415
216068
236656
234664
222663
216169
200058
151113
93527
78576
117190
176383
223863
247329
241926
212061
180420
173291
193713
212119
195459
145365
91225
60643
64622
96260
140947
188599
234382
276677
304051
285952
211024
124285
91062
107263
115495
94607
75306
90017
132120
168332
183020
186284
179436
153537
130972
149613
197948
217702
188994
161170
168112
171469
124826
49099
14533
45616
125822
208278
259458
273232
256562
229084
216417
222136
215413
168300
107588
79982
93402
123875
145735
140130
114367
108460
145173
204146
240682
228726
185056
146605
131928
118722
78412
32950
30729
80784
152803
211415
236936
220863
178430
150866
157681
177615
186439
184886
179016
165035
141467
115624
96207
98077
124922
154172
175216
195204
208262
202294
187922
177014
158800
132787
121203
128689
136513
134613
132590
135093
134060
135059
152677
188344
228423
244805
222486
187605
171622
168965
155291
135529
131376
143505
163080
194428
226194
234173
220410
206573
199697
194943
182505
150290
110435
92080
102982
123539
138096
148760
158776
162655
167833
185541
197725
188227
164992
143178
136783
146427
155179
148417
134476
128931
135977
146352
159630
178082
189984
195731
204246
200398
174054
143039
124737
124793
142467
173543
207700
239087
264446
271915
253122
220712
189293
159399
139982
149676
183901
220275
243479
257119
267997
271896
258940
219961
158122
91855
48936
43098
71837
123432
174296
205848
227358
251099
269026
273035
264803
246799
210805
149767
84958
53970
75777
134710
197666
242320
259359
237365
190458
168234
201876
256945
270503
229021
173058
139757
127846
121603
118149
119656
123529
140192
185949
258128
325007
343666
304337
241024
188601
157329
143302
147405
163344
170051
161814
159725
188078
239691
275073
267214
237081
222549
224897
222471
204096
169313
130557
100799
77004
55294
46943
66968
118559
183775
232160
246025
228504
197425
171640
149567
124242
97379
70775
46457
35173
47357
84875
136942
184502
214347
217405
199947
177650
153992
130337
120794
126837
132388
130424
128897
139904
164365
194716
220982
223800
193646
142342
96317
85415
118442
169531
205020
224387
233430
216979
176802
137780
117283
110235
105867
118275
161306
213878
239000
218752
167556
127962
129816
156233
173503
163862
130871
100128
94203
111524
131790
139269
128453
100495
72731
77464
119086
157379
164595
158600
159810
162447
148391
110648
73102
68519
98664
139962
166103
166543
150852
140344
154823
192879
225243
229277
206713
175094
160279
177608
216163
245154
240582
218390
219981
247877
260158
237352
209402
211953
246121
280135
291923
294827
294890
270544
220861
179091
168337
172870
169851
164984
174741
195186
205155
199853
194443
201420
211427
201733
164038
118248
96859
114548
161628
211566
238152
228955
187830
135429
103296
109101
143694
186744
215851
225948
226697
215359
188119
161423
158788
180385
199404
207891
225588
251749
262819
249178
227165
217305
217621
214093
199024
179913
173046
194202
234562
256596
230557
169159
116115
111965
151181
187178
196738
192109
183842
179602
177992
174719
162379
138110
118511
120113
135299
141464
131554
117748
115929
125637
138383
145461
137814
108293
58772
15319
14235
37113
70478
86387
97470
121192
142371
146236
135097
121233
115687
117533
115081
94742
61060
33141
28413
57671
118421
182772
209744
195431
177311
189456
225567
240660
197504
110069
33265
18388
62014
136829
205098
251763
265326
244010
204450
161522
121239
93044
87554
106979
144558
174233
164003
116954
79314
97437
162901
220188
227925
192976
150415
128081
120852
119712
128107
143331
153739
159252
165837
173369
180232
188155
210877
249844
278888
270250
221684
157807
116221
118632
149671
176061
183557
185439
203236
235990
263682
275828
279061
280622
273489
247046
212591
182211
156722
148089
177568
232545
271190
272007
251586
241129
252109
278857
308352
318114
294982
250411
216851
211180
216319
206695
184078
184693
220390
265034
295727
305196
291631
254429
207211
170216
144781
115477
82165
74609
116659
191734
257219
277414
250866
199864
151861
126737
122548
122884
120006
131889
170304
210137
216512
194703
190908
217206
233384
208023
159638
126298
119693
133120
159873
188965
201282
191735
180256
178936
181044
166812
129709
106354
135406
205593
264007
263511
199385
112766
58547
60269
95670
129154
150050
167811
181300
184258
168903
131993
89851
64119
61313
74217
94609
115237
130358
139928
145209
140709
115089
71535
34217
27037
60506
119722
164126
176152
180711
193897
199389
184799
147693
88192
28147
16934
66499
153760
211059
207568
170481
148560
159781
170530
146903
106125
89034
111055
170313
250773
303159
281568
196628
109176
66056
59424
60832
58436
67042
114257
199043
275787
303092
280282
231795
182610
146380
116598
90315
84876
118232
176290
224499
239340
213512
162115
121474
118266
142570
165685
172256
163707
161899
183206
205370
196471
155436
106072
75273
82484
132939
199048
238557
241566
235694
248644
283161
309465
286174
209616
128186
90368
105882
154607
207600
239292
244820
241975
236549
206504
152954
120699
137019
186273
234824
260453
266877
262347
242610
204993
164432
140689
139920
158064
190803
224064
235263
216201
179996
148040
137020
145807
150275
130412
105627
108983
144182
188419
216326
216448
191126
159660
151651
171086
192381
189077
156424
120268
114103
139863
168709
177252
160064
126791
104960
119651
164863
204951
219323
218836
209334
186004
159770
153710
165406
174274
166014
139513
115056
122114
160852
192593
189647
180111
204984
252051
278726
259308
203251
145150
117629
126076
156000
184599
191962
175872
159875
179342
228489
258193
240218
195834
156151
134418
130697
130353
116334
101354
109346
138914
172604
201428
219940
217874
195135
172389
158862
143854
131678
140162
174506
223418
258095
253392
221370
199319
198902
206099
212808
212734
201167
187534
190662
207341
206585
172266
127156
102548
119335
176938
239049
261450
239681
202417
181608
185371
189026
160444
94070
34268
29667
82377
153573
189074
163980
114816
102405
138700
183751
200096
179521
143797
124877
137996
161747
155366
112209
66078
53892
93085
167698
225025
217578
160802
107271
84564
94048
121570
146088
158426
178004
219725
253916
244492
205226
172982
157998
150952
137398
121236
136022
184205
216623
203644
165765
130237
107427
111154
148040
189881
191214
144564
95747
94051
141853
196462
203811
157983
111347
106036
138523
182734
212522
215221
207591
220412
254227
270280
242603
174771
92584
49011
80339
151924
198112
199138
190618
204540
241563
276842
275896
227429
164735
132746
145794
182580
210820
210889
189546
179291
196410
219941
222656
195866
157064
141892
174013
231739
260326
243695
218309
202285
182267
155967
132493
120488
130392
161445
198539
229194
238924
214324
175900
163042
183943
205098
198039
175956
171185
191160
221437
236242
217207
177869
159116
186193
237889
262221
228403
160554
116463
123211
157459
184697
193511
178650
143326
130573
176034
244604
273675
247033
195460
151442
116593
82418
55959
45339
54206
83578
119390
144022
144908
127535
127189
172079
235999
261569
222052
140317
63773
38351
72369
125178
147075
136310
128992
138880
154113
160703
152834
135747
121873
121268
136383
161246
180382
182745
176828
174696
169880
144381
112809
117475
165919
220985
248746
241754
207182
162386
126230
111795
116815
124073
116268
92958
74998
79980
97804
108679
112372
120291
127156
131346
146499
171471
180946
158223
123560
116159
143131
169570
167940
146856
119046
85292
56932
62764
108015
154029
167642
158972
157972
176516
208217
243648
270248
270306
236732
187489
151991
147737
166039
184893
206774
246067
283092
276778
229842
193996
201966
242171
276825
281142
266904
248661
217446
166057
121280
120423
164442
218140
249352
248321
222213
198722
196561
205510
208218
200077
191091
191339
201218
209593
198705
164314
126329
110862
120845
152379
207889
258498
266097
231833
183361
142034
120140
125392
156156
202095
242343
252127
216655
162060
138176
152275
175598
191994
211148
244430
283286
306663
301452
279041
254362
223948
181904
148017
149719
169648
175759
184704
225879
275475
292565
272518
240830
225673
221095
191098
131652
81528
74108
102149
138122
157879
142997
94066
46332
40382
88301
165344
224046
224715
167566
86693
24638
12842
24977
55680
95142
131331
148112
144793
142629
164893
211220
246827
239367
192472
128281
71978
46777
56983
92985
142899
191548
220023
217173
194411
171841
152511
142767
153027
174457
197635
223452
232929
206063
159722
128238
120413
128516
147177
167579
181938
189294
187614
175412
150479
116639
85092
76768
105248
143922
147504
118263
97315
102150
113023
115631
117799
122718
128800
138808
145370
143344
148186
169631
196830
219333
227925
206056
158970
127320
139175
175321
197581
188896
165073
158930
182662
214061
227386
228271
222989
195485
153405
136119
154192
175302
172212
158898
173484
224064
274887
278348
217233
133162
87411
103533
166131
234576
261300
229831
168495
118952
107769
136910
182241
210058
220670
238878
261435
255036
208051
147938
106300
93267
104519
132935
172019
213534
248437
273040
285130
274561
233854
174435
129821
130282
163770
194630
204138
196926
189275
183281
162216
117679
76234
90606
177096
281743
334515
313893
248842
182497
133104
92683
61022
51570
71622
116792
177192
232076
250742
210079
125583
56647
56525
104763
143706
146201
136014
154267
204855
252029
261358
220493
150682
91075
73428
107648
165607
199129
189333
164700
157341
171473
185253
182490
167696
154478
151738
155854
162283
174789
184551
178426
156381
129027
106228
98517
114369
142000
169223
199078
224525
228181
204288
172662
157395
145689
117637
91246
94882
132754
176728
193548
186873
183932
192160
198908
201861
207300
211101
197077
166615
144743
144212
155318
164825
171052
177998
190728
207199
220752
229133
229526
216701
198851
187239
188737
200679
211769
215060
210883
205514
212118
224465
215473
178653
148493
153767
177453
180852
156030
133389
138936
170883
202279
211430
204041
195237
196602
213523
238057
259183
263082
240290
194010
134804
77302
40506
44866
89697
155593
216649
242170
219133
168061
127158
121514
148145
181995
197997
188950
157645
116023
79951
59838
59937
75209
99173
130795
160131
172576
168054
164849
172260
183446
185169
166901
134248
108872
106381
123406
145600
163468
175875
182387
183623
178994
164749
143616
133182
144484
174310
199620
194483
160436
125847
119307
142188
170921
186934
188818
181160
170423
163000
159387
150560
126465
103629
124680
203642
293473
333144
299385
218014
131236
71328
63031
102773
152702
183981
204860
229854
253261
254751
220872
169937
141613
149025
165128
160524
137946
127645
155614
224039
300952
330409
283092
183502
90495
62039
111035
192713
249536
256983
231808
202447
181415
168233
153420
133390
135435
183094
249680
283855
268935
226904
189758
176551
179100
170064
148839
154040
198087
240433
241841
208379
166754
139199
134145
148011
172861
198725
206852
189619
166756
156401
144775
119980
106240
131829
174392
186767
163603
136109
128695
150487
193465
237253
247790
189381
75764
6651
21590
109679
205398
240092
216348
160132
92041
40184
32209
69179
124715
167218
182044
175130
161217
144842
126770
116469
125028
157616
208790
253347
247381
175690
85721
45154
79977
166456
251007
288542
267097
207066
152329
132138
148541
185240
206431
192900
166658
156671
164325
176709
179651
169179
161595
174825
194906
185515
135134
83570
79104
128651
197942
242094
229078
165551
92712
42334
33587
73186
128317
159367
162635
154294
143650
131411
129282
157288
213828
266465
278488
237321
169434
119522
108732
125566
147556
158426
158335
168196
209147
264165
292556
277478
237514
196276
169365
169847
196866
228169
239779
219599
180867
157716
158046
163628
163931
171375
204599
247442
263996
249210
213307
163667
124258
119979
145534
167440
155507
120738
109117
139051
181888
201738
197519
195672
206399
215819
212930
194018
166688
157060
174241
190300
187024
173592
164727
167869
178576
189500
196110
193682
179896
161647
155972
174652
200203
200511
179541
177134
208471
241975
240781
210271
187096
194211
224719
253966
255578
221219
160206
94918
60064
79745
133341
181806
211239
223066
220003
203475
173052
134818
104298
97236
123207
174396
220015
228395
188099
123532
80625
87099
129564
167832
175478
154275
123382
108104
122613
151007
165950
168726
170927
172026
169635
161613
138925
100315
67603
63177
90645
133115
162411
170736
171828
183189
208581
224685
214424
181845
136988
100621
92700
108271
125819
137627
148981
157344
155695
148371
150316
169540
201459
233495
249824
239495
204605
152263
93180
52302
42440
47974
73534
141305
229880
280436
267743
221074
177174
150404
147774
162408
175513
180659
175422
154078
130097
125234
132164
134116
138351
160055
194221
216389
211209
182722
152930
141967
141562
135519
135591
159986
191425
202549
200239
202134
204662
196675
177640
160765
150819
140200
125767
120048
149496
216048
273130
286051
274335
263305
254477
253886
264204
259761
224805
182200
158558
154887
157387
146286
115418
85546
82279
116224
176740
233420
251998
218142
163924
143633
173892
219525
240341
225985
186990
143744
119408
127294
154841
175009
172811
154827
146619
170532
208409
224587
215828
199370
184350
170158
152845
135207
122853
118222
119724
127417
150160
193776
233805
237916
205982
170847
165728
190217
219032
230346
221461
200347
177587
160943
155201
161211
172904
179833
185777
204573
232135
251066
254334
244576
233092
228505
220981
194887
154768
121271
99952
80759
66308
69243
90982
119326
143734
161062
171623
172204
155866
134890
126858
120864
108934
114845
155743
204100
208382
152481
76856
28258
21290
47132
95942
140523
161607
166902
179067
203734
220791
211208
182694
154602
137514
136204
142548
145497
144988
153094
192197
249417
273783
241832
190143
172106
195002
222492
221584
185810
137456
105029
102092
120744
145612
165335
179867
197272
227409
266969
284696
252309
185272
132945
126752
151909
162733
122615
52506
19569
54131
134633
218072
269998
274712
233228
169959
120954
106925
128800
169439
200570
207890
192389
153261
103919
86813
128137
195263
239456
248511
241077
236265
241821
246378
224507
174762
128109
105286
102782
121559
159753
198084
216491
222719
245122
295072
340205
332994
275845
224878
220124
230883
199070
125205
64027
58133
113933
196452
244308
226949
175366
136466
137192
174894
222509
249986
241107
206445
169722
143214
122254
94908
58624
32041
42936
93153
156122
208600
237882
239168
215809
169200
106334
54823
51495
104069
177355
225639
227397
195401
163721
160351
171378
169451
157296
149410
159844
197564
245096
264702
233718
172362
128740
133843
173654
207669
206971
181822
176705
209526
247120
251622
211918
148856
107660
121090
174138
218423
229729
220738
207768
193462
181100
165176
138592
119266
128491
164011
206946
221899
179950
101460
40406
29261
54072
84062
103869
116822
132688
159341
187040
192153
166797
130160
103241
95834
110765
134649
152077
169101
192666
203244
173989
108825
45220
24755
63230
140609
209511
238014
227525
192941
159067
157024
178775
171183
111918
51030
53385
132791
245594
328150
350443
324077
271667
202665
130376
81423
70607
88425
129109
182225
207965
181769
130334
92636
77356
80003
101928
138937
167979
173681
169504
179104
209952
232791
203665
127250
59698
42692
68615
108678
138061
135140
106059
96935
135393
188313
210940
205457
194838
187061
178188
165870
163472
192255
240729
267605
262548
252983
241222
204532
156104
148525
190354
229728
233981
211654
183898
176305
206076
260554
296008
284948
235268
178543
163110
210781
277762
309481
307687
295317
267867
224941
186785
169573
174878
198614
229409
240943
226293
203402
184005
174114
183776
201297
192812
155635
115399
94815
103591
139679
185465
207862
197224
175545
148913
115101
91961
97853
129477
171778
205928
216816
207193
188113
163935
140665
133500
142645
138519
111977
106755
160131
240042
285094
271458
219045
173632
170141
193807
203792
189100
171276
171950
194317
220346
213694
156057
88831
66404
88772
129369
171396
201045
210877
210551
208689
191441
144289
83513
47267
56415
98580
146508
171640
158653
118693
75881
51740
70155
116981
142630
134598
131110
151493
175153
176765
156954
133603
117129
112903
120974
131864
140096
145474
145211
145403
150923
155101
148348
131951
118588
125488
156030
188698
198841
185305
182525
219127
265917
270309
222958
158234
118172
119061
142961
162175
170524
173450
180122
198679
224223
240696
232299
204533
184235
187153
206412
214625
195972
168485
156563
165886
185970
199486
193554
177066
172279
184771
201878
213955
211970
193084
176991
182746
196401
189038
149886
104922
91809
118115
157496
179762
178058
171998
180080
203182
228963
237235
213945
179203
170700
187197
196416
180371
148237
115862
99039
114741
157712
191966
196987
190320
196227
224119
257105
263780
237959
205739
188294
181643
167746
136120
100777
90897
125324
184972
222886
224131
211671
192548
168402
162837
187200
215499
220037
204167
182294
158882
138008
123681
114249
114343
128477
148355
171131
199779
208308
173551
119915
87060
76361
69724
72974
96311
127575
153115
170053
171034
145003
104582
77345
77474
102706
131504
143162
147218
163830
181139
171085
141793
116547
95783
91727
131750
205787
261152
261338
217615
160490
111647
80046
65451
74689
119485
184939
229419
242560
248291
256836
256954
247154
235605
214956
181641
148063
125367
124532
149525
180250
180743
153034
139754
157135
185958
205065
206594
204669
219637
244098
236716
189046
140115
115491
109662
124139
168563
222094
255024
265447
258191
235031
200856
159808
111853
78750
91807
137283
179752
211833
237774
246748
231650
210689
204361
209958
212078
197478
164680
135213
139873
175361
218955
253460
261217
233645
190373
171710
191657
220893
229220
210603
183472
177129
196437
212722
207410
190596
171117
156686
157620
169941
174625
166879
164505
180512
207313
228277
224629
182993
125477
92183
88631
97111
102404
92900
81774
102575
159932
215069
229180
200153
152754
111958
99811
121113
148271
164265
179718
193752
199440
199671
190675
155655
106435
84348
104797
143612
171049
173332
161568
162431
180190
183534
157564
129644
114350
88505
52183
45827
87363
145391
187536
213284
230039
231856
205382
160320
137097
161470
200974
207719
188020
181304
187593
181698
168017
162560
162853
167084
179915
200676
217056
210738
185422
177704
213484
265944
273546
225524
176217
157264
155583
169067
197137
209542
184839
141141
122152
151602
208202
253017
264080
249949
234803
222216
201995
173550
137787
96999
71276
83610
125968
164996
178634
177602
186642
211975
240478
249073
219933
170943
130151
104502
91254
84532
78582
87142
127757
184497
216420
201866
165402
149590
170601
209002
228398
215668
191144
177299
166986
137767
95321
73041
86949
122942
167776
217908
262835
288460
297141
296726
284333
249139
187614
117469
74610
75879
101323
131212
169488
213423
235909
216527
176522
152209
137027
106999
77201
80213
122847
174316
189612
160567
122115
104747
104625
106431
108968
116925
129051
138754
142510
135853
125180
125132
128543
119365
106284
102358
103338
106356
117792
144657
187913
227503
233704
198854
143799
107952
116131
148944
175751
194694
218704
249502
277840
286339
263747
215031
156613
102454
59480
46103
78729
144850
213137
252362
249390
211196
157525
113758
107110
143072
187459
198938
173286
144555
142630
160713
169627
165160
164965
168639
165517
152390
137010
130030
134529
148699
171656
189288
183101
152986
121410
123947
164794
206642
226500
226826
208982
181835
173171
200962
246199
259560
214339
150336
130454
163122
207397
228493
238913
271643
313949
317874
273815
218684
188849
190012
201974
206951
199255
182767
182341
211643
250322
266890
243832
198303
172095
188436
228299
252022
229134
163184
97443
68544
80089
112519
139461
152672
167477
191724
210448
200051
154017
101382
84501
118543
171965
184590
135447
75944
60906
93740
147685
180486
166300
127997
108969
129975
180002
221750
226528
198497
161186
141248
147692
170525
200427
232428
264244
295390
314520
289818
211791
123610
89110
127809
199619
253046
264602
246815
234024
237951
222599
161117
83610
39177
59796
137243
215703
239472
205998
164011
153855
162753
154719
117104
67984
47125
79452
136021
166486
154236
120657
95035
88198
91041
93139
93295
95440
103347
116767
131844
149999
159749
145956
133561
150470
174794
168632
130898
99111
107971
149418
179342
177750
162080
155137
167473
202857
253760
292590
295230
267712
240090
233889
241055
236515
206409
170752
165554
198067
240982
260154
245599
222974
222442
237949
228437
168715
88301
37760
35893
76364
142992
204908
239258
244779
231067
210539
181134
133200
65069
11156
15495
55248
109254
138307
140103
130006
125633
136164
146820
139899
127082
133846
165302
205321
234177
230038
183516
118788
80807
94992
146695
188520
181120
146302
149914
212367
282688
308913
292456
252115
196960
142132
109630
113687
150750
196367
219276
220984
227659
241481
240066
215667
181292
147552
119334
106162
117099
156025
219557
287136
312886
272137
193119
120975
80168
68767
73867
91455
132760
201049
259397
256586
195616
128988
92969
91828
125187
177568
217773
223129
198400
173116
168551
172807
154199
104594
57400
57507
119500
218318
310373
355640
343684
294809
234601
177741
135259
113867
107052
112555
144244
201286
260568
293199
286550
248702
206792
194452
214399
227814
199224
137069
76918
55807
92307
173097
261346
318381
318680
262195
186035
140236
134489
137538
124730
104793
100790
115771
137593
148686
135535
104452
77547
76081
101212
138074
174145
196578
190829
162191
134361
119830
107760
81697
47185
34377
68241
138724
209475
245839
241602
212834
175449
149118
151522
172114
176433
155075
130634
127310
148504
172078
173222
154709
145459
165722
203464
238225
258801
253184
221584
187268
168982
152709
117999
80852
76496
114942
170554
205809
205037
183518
160669
143381
138299
146730
154745
151172
149954
179283
228788
249125
216394
156507
119356
126709
154875
156075
110720
57492
50980
107282
195347
258658
263079
234181
223612
233890
221755
173820
121029
92603
104092
151320
201148
211299
168387
103575
72299
108297
195746
285324
328687
322151
300920
287584
272857
237743
177646
118261
93972
109352
139098
163401
184244
211312
245857
286741
328633
339748
286492
187636
109875
101851
150550
190964
179042
137076
107031
99662
115477
159868
220587
262457
264023
243251
215756
167721
95971
37328
40363
107832
192795
240606
221177
150373
80606
60010
99271
161980
196652
191095
173530
168938
168882
154222
124506
93794
76139
93095
147794
203925
226570
226058
239203
267677
271366
223239
147311
91255
85712
127695
194676
256755
285874
270423
229622
194431
174595
160781
147421
136858
135193
138763
143102
156033
183871
213837
224881
212386
194990
184200
170118
149165
132214
122252
103129
54994
6369
6268
16805
81032
171793
236796
253643
226332
178500
137530
111955
93841
81416
84684
102916
123565
139476
150978
160544
168579
181463
209037
250117
281697
275595
234739
192455
174526
166209
147969
134752
145051
174466
202687
222303
239305
247657
229059
186248
157813
177196
223903
246689
228274
194595
165132
141615
127159
123589
125503
126683
119780
93270
64102
71277
128606
207426
249919
231451
180096
133510
107529
100117
112508
148405
191417
207686
183605
148615
138210
148214
155982
160120
166449
171644
175409
184911
211995
258235
300579
308438
272129
215246
168921
141309
126956
125319
131906
138995
148547
173441
208820
231576
222906
185505
152954
159769
203950
245684
248772
216430
179212
161769
160367
156436
137367
111710
105204
130877
169034
191351
187928
166967
150505
159589
181964
192889
194383
196488
195167
172927
125001
75750
54223
77216
132718
181449
196177
191050
193918
218272
260669
301083
312875
280596
219700
163325
127714
114718
119462
130327
143851
169578
212740
261837
293205
277180
206307
125819
94866
119237
149247
153382
149885
158780
181580
217573
246617
233810
175372
103849
76055
125532
208348
240335
200070
138920
109806
116873
139250
167936
195971
204959
193171
180704
181495
189818
184848
154502
113449
96575
114621
142620
159008
169312
189782
219704
239281
223846
163748
103179
100836
149228
198249
215626
198283
163132
136271
132875
142831
145088
139871
147573
170922
190680
191403
163854
115353
76950
73714
103753
153647
201090
221158
213816
205325
205806
193907
152755
103342
73731
70352
93633
133673
166630
171893
151788
133638
141477
170245
189328
176010
149901
144507
166347
190090
192581
176412
146595
112614
91480
88301
99042
115559
130814
145220
157928
159879
148888
139807
149606
178428
204896
215031
206264
170606
109147
46582
22276
55961
133100
208833
236602
216977
190550
188325
208374
223884
218004
192854
161012
144627
154145
176749
196500
203260
192135
172534
158427
151349
158442
188089
228623
256992
266516
274588
290989
291034
247194
170347
105083
91875
131931
187638
227855
249798
255551
244224
227761
226859
238977
230273
186251
135069
110366
122577
156705
179454
169775
146883
137957
156272
192030
209960
183650
131182
98279
110227
152613
197994
226310
222031
191759
175007
195190
225859
233979
218643
208102
220718
237996
227133
186399
145691
132932
147528
174770
212544
256801
277872
263279
240820
240127
253541
245765
200964
148740
128518
148363
174767
174484
158264
154554
164540
168475
162444
155866
159950
191879
245812
285756
277780
219233
139448
74910
55306
89735
145994
173733
157831
122851
94905
87319
99356
123058
155002
190067
213839
214949
203469
195049
185096
167718
151597
148174
148028
134579
111756
97674
111319
155282
205146
231485
227347
207381
182502
153465
127625
112638
106889
114517
145382
183281
198764
189073
166422
141473
126979
123361
110314
80305
63180
85660
136827
182548
191046
159074
109633
75308
67011
70821
83328
103226
116562
122636
138746
165990
181519
174616
162776
164733
177291
193826
209224
208514
181271
137514
101626
94387
114433
138045
143707
137795
142929
169567
214417
262177
283405
251297
182294
125466
108039
127909
172328
215548
227651
206539
175068
158128
163500
185185
209898
224052
233207
248210
250946
218960
161982
113097
93433
108234
145435
177729
185806
176894
173765
194546
241032
288719
298041
254921
181829
116776
83763
83179
96067
106207
124798
171396
234101
276418
284505
275805
257359
223983
183302
144566
109848
80895
70424
99909
164108
216078
212703
170910
148983
170865
199550
197307
173524
157667
166660
207985
265787
294173
258562
187937
139066
138941
169279
201957
231146
258487
267820
232995
165257
112645
100919
114602
133561
160887
197082
219613
208149
171374
137145
118358
109530
111768
134916
173117
196242
187513
172491
178574
194313
195357
173889
133130
89533
65589
70781
95272
123391
147054
156300
153577
148448
142121
134308
130087
128652
121329
114150
124520
142145
145547
141933
151847
173364
185891
168837
128233
103220
127356
189377
243880
269592
274959
263244
229120
174729
121254
94531
112093
165507
220996
258976
282305
290182
277157
251107
220705
179565
132786
105248
106611
124510
158104
211013
260516
272671
235672
176702
139671
144980
182551
223337
239691
220929
175502
127754
100370
92858
94413
114707
158122
190768
183245
148364
121984
119015
126647
124858
110159
102480
115844
144630
173869
196394
214055
225819
232996
234948
217485
176779
133332
102591
81714
71497
83757
124013
178331
226440
256315
267147
269272
267194
252685
225019
192882
163686
141932
140846
169362
203776
206587
181155
169820
200104
250529
277432
254957
200992
156589
137318
127073
116116
103788
80941
50136
36474
62870
127024
195441
225055
200001
156056
136704
132105
109950
73960
48482
51554
86078
137558
186347
214478
212299
191894
180210
192869
210468
205640
179220
147255
123920
118169
133358
162041
184089
199252
233451
295707
350505
357143
317910
268725
235582
215056
186101
140973
106543
114675
172395
260694
333468
344226
297350
249802
249358
278040
275538
209889
111614
42856
37326
77944
129626
170643
192304
197360
204103
227190
253836
255240
218331
159071
112295
98540
98362
81343
50689
43546
91046
178342
254519
279553
243786
173023
108623
78573
84438
105571
123938
139774
163435
197357
216217
197845
164703
159702
191406
220759
212400
169158
127814
117358
134271
160443
179382
179935
167393
165736
187008
209016
210105
199069
198522
201508
181963
141171
105386
93175
96316
100417
104990
109783
110977
112751
132054
179095
228443
241002
208134
156895
111448
71918
40589
24421
28914
54413
95213
135295
158919
166902
162526
157258
165540
177552
167456
123169
69860
52789
93099
159536
188057
152727
90474
57170
76332
128488
183624
219115
232894
230829
214823
182656
138808
104584
95343
109196
137261
166834
193967
218131
243076
267268
278411
268330
236364
199260
185282
202011
226261
222587
183611
140195
125726
136494
145099
136003
121252
119260
139059
182984
241362
284472
278251
222709
164656
149223
163883
160196
122478
93120
113582
180255
251805
279209
242814
162643
83811
53417
79313
129399
172592
197146
207872
216138
230038
247652
254261
232373
183629
137431
127280
156038
204624
260753
313305
335097
304657
241178
190489
185990
225920
275151
303494
310642
303110
281601
251384
227663
219743
218147
220912
247391
293864
316357
289274
232868
190384
187674
203917
201821
175570
153448
149269
146550
144127
162102
190957
195955
165209
118210
77723
59537
63818
77110
91931
112649
136358
144580
126607
98325
83159
84412
86189
78895
70849
87896
136108
173813
170268
153398
162159
197183
235575
262323
261150
216835
146270
101196
118888
184330
240262
236144
183215
138709
137643
168685
205652
216960
179365
114104
78340
99984
153983
203778
228912
219416
180788
138786
111778
94911
87919
92426
103123
123782
144179
134581
94210
65582
78355
102552
90164
33233
5978
7486
27917
98750
167182
198321
194804
161231
97410
21310
6195
10220
58150
179278
298264
339010
283561
186698
118765
118849
177005
232822
243667
224828
214691
234121
274783
308165
307267
269402
221659
195779
196662
199897
189234
177251
190692
228933
252457
238188
210860
197800
198582
207107
218867
215275
189220
165885
171143
195661
205609
177327
114338
54445
41354
78561
133024
177499
193495
174348
137900
115163
113284
110749
97940
98777
132582
188410
240207
258331
233527
196374
186826
210317
239147
242156
210571
173075
183492
256840
330997
333648
262694
172749
118986
128781
187269
243920
258134
236020
214070
217543
238688
253484
255236
259738
283585
317266
323377
276324
186960
90871
30129
36963
95834
150966
170128
171674
176892
183826
189626
194345
192422
184186
175219
168543
157718
134919
95614
42486
9905
18040
66867
137496
187564
210979
215818
204767
175575
123733
61837
24369
36448
84946
140011
186073
214500
215511
195889
176599
164114
154344
145182
133458
128720
145574
177445
195145
187218
171588
162183
159379
156809
151434
145892
140775
143768
163394
193789
226193
245567
224604
159359
91442
60563
70379
101382
130378
151346
172510
191234
188163
152836
105489
65111
35667
31036
57406
94373
127121
155362
175482
183510
175611
153066
124699
96619
70892
52720
53687
85769
146503
209429
245326
249392
226564
181076
139491
129678
156627
204967
251838
277843
269258
239875
217960
205439
192531
187900
201182
234916
283401
315546
306083
263298
212207
169949
139788
123437
125112
149149
194744
251960
300339
314834
287803
229347
165302
131253
139985
166504
182525
181354
176555
178620
178619
163148
143308
145171
179172
218702
221989
187259
152804
150671
172632
184996
171726
144810
122179
114425
129133
162612
191242
195464
179255
171456
195034
240153
271615
266880
238872
222617
226773
229762
225319
216368
188520
144197
124776
159087
229557
285171
288767
250001
203577
171420
149866
139683
158299
199398
227727
224452
205107
179935
148444
124306
126326
148301
162785
149729
121721
109807
127071
152684
161394
157416
