196268
186239
187210
192340
193607
189088
179645
170268
165007
163815
166443
174647
190931
210022
219763
212002
190736
168718
156457
158455
169471
181384
188333
190129
189826
191300
196400
206802
221141
233084
235945
230248
221825
216343
216355
221490
229453
235266
239279
242985
246747
245832
236530
220880
208023
204710
209281
214584
217189
218728
221117
222762
218746
207986
196273
192324
196323
205300
217882
228856
232291
228169
222439
218170
214857
216366
223983
231308
229576
213720
188667
167136
161157
169202
179980
187182
193439
201470
209603
217983
226729
234009
239329
244057
250665
256670
255297
242322
223900
212234
212647
221366
230073
232377
226146
215834
207488
206268
214030
228460
240359
242937
236779
230670
230816
238938
250890
259359
258630
247410
231628
217614
212077
214970
223484
232029
239081
242111
239300
230080
216598
204045
200975
210464
225721
238471
241400
232365
216821
205857
208907
226365
250404
271763
280398
272967
253504
228991
205535
189645
183577
186956
195037
200678
198283
188826
181292
183370
195692
217591
244284
266589
275364
268115
248507
226023
211651
210157
216532
219913
212316
193913
170582
151334
142831
148090
165149
187190
207145
217366
214018
201713
190194
185651
189887
201004
214805
226597
232821
232429
226331
218300
212108
211023
215787
222223
223751
216778
202748
187001
177468
177183
186959
203334
218897
225621
222022
210616
196788
185637
183087
190889
203512
212753
212289
199535
177795
155173
140252
139196
150477
167530
182823
192469
195153
191707
186561
184358
186056
191955
199827
203967
201190
191887
178164
164173
157697
162403
175817
192314
208018
216636
213348
202681
193339
191989
200220
213189
221301
220352
213399
204307
193550
185210
185649
194997
209526
225769
238420
243814
241745
236754
232552
231100
231499
232282
231858
229998
224251
214337
206310
206260
214745
224911
232959
238780
243500
245895
249368
256141
266293
276847
284176
282079
269347
248962
228871
215786
212780
216528
220530
223098
226572
232022
238771
245358
249215
253158
257562
260192
258562
253265
247334
244704
246470
251743
255174
253803
247567
236491
222737
209992
202126
200253
203876
208333
210298
209963
210804
216745
227817
237273
239081
233097
222783
212644
206902
206961
210131
212087
212396
212147
211262
207745
203082
199718
198482
197160
191980
181238
167998
160029
163692
179777
202304
220735
228976
227255
216584
199195
179598
163340
154552
153265
157712
161137
159203
153177
149428
151172
155905
160628
164343
164534
156553
140175
124979
121845
131998
149080
167027
182388
195036
206775
215936
218677
214727
210446
211005
217719
227826
237045
240128
237155
235245
239337
246300
249524
248086
242588
234499
226806
224776
229592
239916
254544
269755
279658
280741
275543
269395
263173
255334
246654
238512
234112
233896
236322
235682
230978
227673
233212
248014
265594
281349
291174
290502
281354
271085
266088
266915
271542
275452
273284
262437
244496
225716
211335
204324
205240
213362
225756
236750
240056
238424
236919
238668
241207
243997
245641
245061
243627
241026
234155
222441
211591
204343
200983
197820
192409
183050
173655
168126
170078
174763
176208
172477
169094
170201
175619
181674
181062
170100
154095
143156
142045
148060
156760
166838
173980
175642
174065
172152
168311
162890
156120
150886
149394
152862
161517
172051
178736
180217
180618
187812
205122
228546
247409
253523
248423
240121
235114
231946
226890
220737
217302
218341
220446
220500
217951
214745
214181
217018
219060
215139
206096
198085
195027
195456
198441
203203
210272
220099
229580
232590
227468
220192
215702
213026
207514
198761
191479
189674
195614
204832
211779
213201
211466
208495
206265
206936
212404
221576
230188
234098
234032
236227
244728
255119
258612
248711
225569
197162
175403
169957
177600
188055
195254
201163
206955
212825
219829
229119
238213
243534
244846
241752
234548
225058
215506
206656
203207
208452
220075
230559
232440
224514
211763
203652
205845
215716
228368
238599
242156
238845
231129
225855
227361
234448
240607
239855
233606
227752
224011
220469
219443
225865
239567
256964
269923
271745
262648
252632
250363
258112
272812
287460
295309
292578
281281
265680
251689
245886
250973
261176
269354
269300
261649
251236
243006
233489
222645
218536
224291
231612
232004
223714
206345
186158
171368
169611
181723
206742
236811
257506
257937
240432
217341
204346
208115
220895
229936
228631
218999
203782
185906
168952
155612
150855
161308
181811
197671
197427
182599
162965
150619
153667
172144
198699
224133
238376
231903
207073
182627
174041
180693
190309
193378
189834
184007
177861
171361
165877
165644
174641
190970
206160
211599
204396
190829
180521
178382
184211
197445
216012
232401
239000
235218
227470
222995
225650
232226
236450
236808
236342
237631
237656
235993
236839
244990
261073
278865
290459
290790
282314
270196
261394
257623
257271
257502
258038
255896
246243
231028
219584
218218
225604
233391
234761
229769
223887
222573
224844
227438
229380
231591
232668
232077
229154
224591
220148
213889
202457
187921
177569
180342
196722
215371
224203
217894
199810
178132
161596
152933
151350
154620
163428
180496
202956
224521
238738
240413
231905
223385
223315
229675
231939
223484
204154
180289
162340
157248
165904
184733
205546
218330
213837
193252
168142
152585
153740
170273
191588
206902
212453
211175
207650
202080
194140
184315
175731
170068
166451
160198
152677
149933
158327
173751
187004
191080
187105
178443
169420
163030
163384
174433
194265
215114
227895
227415
215859
202369
194251
195328
199402
198171
190217
179792
171477
169829
175134
187967
205994
222328
232266
237381
242767
250160
256205
256973
255317
254641
255433
255201
250953
239052
220312
202005
191453
190855
198256
209033
219035
226242
230174
231328
232613
234739
237600
240595
240457
233889
221825
209624
204119
206276
210287
213354
215624
217234
218319
218735
219707
220767
221379
221820
221224
218531
217097
220308
229621
239684
246103
244331
232940
219189
212708
214273
217719
217808
213188
204561
196472
192947
192614
192028
190223
188182
185497
184678
189388
203197
224694
247357
262884
267457
261772
250204
236824
224927
219107
219037
222915
228340
232033
230066
224260
218633
217465
221415
229052
236740
237739
228349
214196
204145
203702
213036
226709
235710
231139
215554
198232
185089
177163
180685
198594
221805
237887
242148
235996
219749
198237
182711
181634
196269
218456
234245
233248
216653
199616
197349
210388
227725
239141
240411
233847
224838
218294
213708
209659
206391
208868
215371
219166
216211
208901
200638
192886
188916
192436
202641
213769
221012
219749
210862
200601
199996
208634
219294
225571
227864
226932
226628
228538
226475
214550
195211
180551
180045
190930
203203
210521
213844
219482
230070
244722
260405
271642
271498
260996
246054
235226
233463
239620
247122
248422
241607
231217
221868
217614
218059
218608
217964
219344
227688
243801
261767
272351
270354
257131
238683
223020
216418
222399
233999
239408
235024
227124
222395
225289
236607
249210
254282
250023
241086
230297
218959
209705
205584
210050
225457
247479
259462
248274
218746
191091
182787
197165
224608
246421
251676
240644
221491
199906
181452
171660
171777
175882
176711
170546
159567
150539
151635
163900
181723
199069
212342
220433
220858
212822
196678
177711
164499
163582
170057
173824
169913
163019
159170
158647
157947
154956
154114
161636
177881
196113
209706
214489
211790
205197
198745
198775
209112
227461
245100
250822
241360
221535
199941
188342
192448
207276
218728
217990
209807
202837
199097
196590
196293
202180
218244
241557
262309
270327
261630
241803
219868
206516
208853
223610
236335
234849
220046
201593
188965
188253
201365
222954
242736
248986
239771
222240
208589
204470
210663
222712
237924
251324
257499
253125
237501
214963
196439
195396
213566
242098
265092
272199
259514
232492
202821
183826
181874
195768
216409
233050
239715
236589
228852
224078
228205
239861
250846
255158
252698
243490
227694
210411
201425
208523
227661
246345
256727
255788
244498
224881
202720
187214
185414
195861
209532
216533
216675
214751
213802
215190
221208
230685
237025
233737
220388
201107
182016
168029
164025
169625
179472
186505
186496
183656
183656
185824
184013
177507
173858
180604
195133
206389
208094
202415
196010
194420
200562
211733
221241
222473
214224
203514
197544
198460
202615
207977
212085
215461
216913
215380
208976
196209
180818
171884
174441
187581
204819
216531
217366
208500
196195
188406
191235
204199
218343
220203
206482
187162
175525
175468
182711
193487
206672
221124
235197
246470
248892
238648
222015
211266
212752
225358
242635
257127
261650
255082
242320
228721
218019
211987
210875
212728
216316
222441
229810
232768
230081
227444
228891
235332
244532
251039
251521
246149
236844
225260
215357
211427
217164
229790
242930
247690
241615
228625
217796
217613
227728
239171
240709
228914
211288
201163
203222
215117
230049
240429
240143
233687
229182
229460
229452
226426
221060
216025
213873
213954
213413
208055
198719
190735
190314
197191
206462
208273
200920
192041
188594
190073
193953
195747
194394
191838
190522
191465
194067
197019
197473
195770
198069
210890
228391
238983
237140
225986
212473
205488
210006
224077
238174
243441
238738
227593
215589
208071
205251
202722
196431
189438
187189
190497
196599
203042
204588
200492
197678
202003
211835
220155
220915
214914
208226
208057
215217
222395
224926
224735
222595
218216
210184
200433
190759
184526
181463
180976
183333
188702
194246
197544
197801
194839
191332
192194
200972
215785
227964
229501
220632
208101
202379
208250
222173
235786
240497
232183
216962
204967
201107
202121
202863
202083
200813
201066
201647
202069
204622
213230
225210
236098
243147
246543
246615
241756
230817
216082
201962
193177
189483
186034
180758
175531
175535
183023
196842
211571
223379
231641
238001
243849
246318
243232
234863
225332
219170
217408
219129
221529
222802
223521
224290
225069
225639
224552
221362
217769
215558
215434
217758
223078
226795
225816
220320
216165
215785
218287
220511
220223
220925
227571
239480
247591
246259
238409
231580
228002
227733
226471
222802
215658
207378
199314
193828
192520
199287
213723
232838
253075
267868
271869
264747
250534
233739
218216
207871
206760
212208
219144
222289
216741
203832
195697
200195
216112
234884
245036
238910
219008
195095
175968
166393
169236
182928
201593
217880
223711
216488
202780
192926
191815
199582
215373
234901
251425
256763
245550
219479
190987
174875
173561
178960
181776
177291
166498
156569
154135
162359
181282
207431
233172
249278
251167
238557
217908
200676
194814
199399
210408
225494
241168
252624
253295
239882
215460
195564
194590
211042
228116
231415
219872
204945
198376
204623
221632
242602
257326
258817
247526
231591
220048
215565
216675
217048
212135
201196
188644
180275
177271
174990
171313
168431
171024
183703
203915
222250
229134
223358
209719
198101
196278
205640
217109
220030
213667
204984
201220
202944
205511
205650
202949
198743
197023
199949
207985
218661
229526
240011
250753
262000
271823
273823
261525
237433
211055
191818
187207
199895
224815
249896
266098
269723
262889
253391
247169
245436
247065
250207
249850
243349
232385
222555
217042
217296
221189
226594
232155
237684
236841
227057
213921
209017
219376
241298
263164
272429
268099
254982
239702
223366
209980
202705
202914
210159
221896
234209
246791
260327
274920
289864
300736
301967
290431
270189
250576
236933
230868
232221
237910
245013
248332
243018
228830
211289
195418
185159
181492
182418
184478
183526
181699
184469
191539
198341
199165
194353
188116
183021
176889
166615
152234
138055
130352
133864
148849
169779
186514
190617
178258
154592
130962
117948
121174
138154
162303
185712
200277
200202
187909
171263
155688
144358
140342
143416
149171
155250
159748
162251
166262
175583
187831
197852
205370
209690
209294
201156
190223
183322
183269
189759
201854
216902
230715
237202
235329
228437
222258
221257
226265
235080
244469
251323
251563
246220
238285
231350
227844
226974
227209
227652
227767
227661
227848
230522
237359
248766
262856
271266
267817
254666
240508
230572
227431
229904
233664
233745
227544
220235
217640
221366
231172
243222
253244
260689
264465
264612
260570
250716
236678
222836
214051
210701
207433
201213
196223
199356
210742
225936
237478
242547
240677
235512
230492
226497
226657
231261
235325
234490
230921
228084
227203
226250
225293
222743
219558
216591
216647
219169
223370
225034
223418
220312
218105
220352
226600
233882
237709
235882
231478
229209
227872
225581
218625
206874
194345
188103
191260
200958
206237
198310
176370
150462
136896
142921
161114
178599
186145
184308
181656
183174
191441
201593
204506
196961
184480
172351
162218
154518
148430
145292
148410
159609
175738
190925
200658
200199
188903
174686
169820
178606
193687
203559
202932
195114
189440
194063
205606
212507
206728
190338
176311
176038
187768
200567
205435
204265
205191
208996
213684
215688
213300
204592
190457
177884
178233
196437
225324
250179
260748
257675
251928
251030
254033
256249
253002
241075
223191
208197
201663
205040
214908
225404
231773
235439
237813
239311
239310
240553
246121
253569
264054
280356
298159
306175
300364
283150
263819
252463
252103
257715
261643
260271
256579
257142
266711
281216
293052
300221
302650
300450
292810
281420
268944
259216
253912
252105
252600
255559
260067
261809
257638
249776
244336
247751
259345
272082
275785
264726
242810
221729
212019
214103
218360
215553
204927
190772
178787
170840
168482
170384
174025
175530
176358
177903
176966
169859
156835
142746
131821
128195
134394
149478
163627
166754
154944
139630
134229
145318
163888
177114
179356
178220
181678
189229
194504
192127
181266
165695
155145
157912
171757
185487
189249
179227
164944
162508
178182
204564
229660
239071
229049
209889
196989
197363
205852
214729
218197
213879
206164
201005
198303
194627
188176
178449
167412
162140
166581
174726
178683
174875
166017
160414
165572
179377
194610
204461
204981
197610
188754
184539
187263
197688
212660
225000
226842
217138
203934
195687
197101
206979
218745
226781
235207
250247
269217
284505
290287
288247
284714
286552
293123
296915
288947
268532
244994
231196
234796
253721
278076
298643
311572
317663
319080
316697
310361
300949
289897
277712
267111
258501
249898
240256
231124
221772
212443
205820
205339
210537
218815
227679
233249
236102
238279
239484
236294
230179
225472
224933
225005
218459
204350
187218
174446
171223
177593
188360
197184
201181
200157
193741
185889
180941
179969
182146
185852
190176
193084
192489
187880
181956
178055
179769
188861
202878
215883
219850
213170
201498
193369
191079
190166
187732
183996
181352
179760
176969
172892
173104
179875
190388
199500
204196
200724
190669
178277
168378
161358
158091
159769
166687
178138
190060
200095
207145
212240
212497
207897
201495
199951
205154
212360
214350
207663
196385
188565
190774
203953
223087
240147
249921
253049
250964
246095
247029
256589
272161
285996
288959
277087
256211
236054
223386
218055
217969
221628
228497
239604
255365
270053
275521
268869
256912
250049
252696
259752
261791
252676
232221
209597
198245
203926
219609
232084
234683
228466
219104
214036
216618
225263
235615
243139
245286
243363
240993
238421
232406
223384
215316
211858
215933
224746
230822
227080
214079
199011
191329
195658
206603
214144
209941
196211
179453
167677
164498
168893
175034
177862
177244
178390
182801
192141
204718
215084
220329
221176
221896
225285
229891
230410
223791
208898
190041
174666
167709
169098
174882
182241
191076
202227
213631
220063
217764
209895
204009
206096
216294
231001
242753
244588
234614
218351
201546
188521
182638
183740
187643
189149
185115
179987
182238
192842
208684
223746
232284
234816
234799
230440
219043
204097
196217
202531
220417
238878
245333
232539
206287
179995
167136
170633
183086
192290
189972
177975
164549
162098
176826
204615
232056
249502
253049
249318
247209
250790
254403
252004
241836
228146
214992
204176
196121
187681
177539
169926
170828
182302
203117
223721
238468
244836
243610
236855
228483
221275
213633
201375
186390
174163
168519
169882
175834
181806
182423
177207
171906
175087
187615
202848
213271
217235
218891
221227
223154
223024
219663
213745
206816
199784
195480
196981
203168
211033
215479
215499
213190
210424
209045
211881
217557
221120
221789
223334
228200
234641
239022
238134
232246
227967
230670
238244
244865
247247
246650
244668
239703
233986
231510
236039
242852
243745
234880
220053
206460
201675
207210
218779
232117
244903
254996
260712
260263
251716
238549
227477
222716
222000
222587
221613
218395
213625
211523
216748
230938
248689
260759
261717
252424
240769
232518
230596
235224
243247
247784
245881
237762
227437
218253
210449
206197
210452
222584
235111
239425
232439
220353
213141
217372
228182
235753
231872
217747
199710
185083
178419
177508
179278
181847
183085
180040
174444
174210
184037
199978
211769
213070
208168
206155
210787
219911
228926
233951
234589
232297
231586
233161
234854
233084
227652
218545
209618
205569
207756
212555
215944
216902
214599
210144
206997
208160
210903
213819
216197
219428
220638
219049
213454
203846
192968
186025
182775
180805
179463
177656
176023
177071
182521
192021
202510
208390
206989
198949
190459
188008
194106
205342
215956
218893
214812
209704
209977
217886
231133
244805
253709
255663
253822
252704
255228
262344
269947
271999
268140
261920
255081
248744
243476
237963
234306
236118
244714
255977
264331
264370
257481
250850
248613
247806
244916
239359
232976
230429
234106
242358
250285
252633
248115
240030
235780
239569
246966
249114
241321
225364
205833
190611
185186
188646
195697
204080
211100
216181
219029
220173
220834
222887
227402
234018
240561
245219
247183
245315
239662
230787
219529
207674
200229
199983
206878
215423
218593
213399
204302
193956
183947
176285
171912
169823
170250
175339
182283
184873
179051
165054
145748
129031
122739
125668
131367
134774
132060
121151
107583
103493
114888
133965
150136
157646
155957
147058
136167
129410
129602
138049
154573
174410
189762
196316
191827
177081
160174
149270
149397
160006
174710
184295
184877
180878
179195
185518
198002
210532
218744
222258
222773
220907
214762
208497
207282
213018
221418
227812
227769
223440
218413
216261
216809
218181
220964
228130
242143
255725
261400
257544
252969
254804
262977
271005
272107
265781
256604
247895
243021
246583
259310
274824
281445
272250
252424
236250
231072
235522
244107
254024
263445
271197
275363
271584
256681
238366
230499
242041
269369
298690
313691
307201
285146
262740
251070
252800
263290
272197
269182
251985
229224
212518
209600
219337
235034
250202
258452
258598
253700
246331
236902
227148
221303
221607
226195
230935
230939
223941
213743
206794
204001
202238
199351
197595
198771
201779
202496
199171
193662
187537
181805
176815
173527
170132
165758
159573
152514
146152
144029
145151
146480
147204
150087
155378
160489
160311
151225
135992
121235
113663
114942
122438
129471
131941
132309
137638
150150
166032
179300
186412
189099
192024
196127
196886
191732
185368
185314
192112
199957
202583
199245
192657
190607
197209
209592
222800
234133
243139
247021
243155
232917
223000
218942
221669
226370
229009
228525
228506
231838
236738
240908
245216
251612
257970
258201
250170
237609
228062
224502
227139
235330
247259
257578
261196
256785
245880
235455
234314
245631
261963
275721
283523
286932
286797
286801
288792
292683
295475
295644
290504
280070
267536
257091
253599
257207
263836
270883
278392
282903
282308
273739
257966
239678
229888
234146
245932
256527
263359
264404
260283
255637
255271
258214
258943
252980
239639
224437
215301
215880
218142
215685
207695
196383
187256
187636
196177
205248
208884
205566
198295
190722
184685
181234
181351
186940
193879
195578
188575
177731
172926
181112
199914
221123
236183
238951
228620
208437
183200
160391
145938
141676
145991
153793
157867
152889
141362
131621
128660
135768
152735
174745
190781
192590
180345
163449
153655
157658
170768
183498
189000
183963
167234
144301
127551
126410
142846
169839
195961
212555
218405
217869
215216
210123
202913
194958
189834
189321
190945
189582
183235
177829
179258
188863
200979
212207
220707
225000
222799
215888
209303
208301
216412
232683
250481
263467
270079
270413
265520
257980
253066
250963
249161
247123
246356
243464
236586
228188
220688
216432
214706
212895
210672
208817
208566
209940
214701
226976
248338
272876
290977
295742
286210
267227
246648
232964
231684
242460
255141
261846
261430
257795
253968
254229
259075
265384
270137
270917
269060
267602
269861
274506
278934
279652
277506
271629
261916
246778
230405
217245
211517
210823
213377
220159
230602
239596
239371
226908
207459
190423
182436
185933
197975
212772
221116
219051
209001
196050
183506
173595
165757
163134
166967
172647
173524
168589
162731
159868
159850
163591
172190
183000
189180
186001
175525
166253
166011
176146
191983
205328
210502
207658
198072
184942
169788
156060
148749
149358
158255
171832
184312
193614
202046
210357
217275
220935
222456
225867
231268
234279
232187
226785
219040
209091
196461
183795
177905
184281
201675
220095
231360
232888
228959
226008
229502
237050
243266
246710
249917
251100
245058
232416
221750
220107
227845
240105
250710
255327
251045
241519
232572
229929
233338
240920
250921
259886
258803
244525
224438
209028
203696
206639
215356
228331
243601
253198
249798
234204
217597
207584
201412
194830
186754
181027
178632
174023
165698
161393
167132
180918
195048
205341
210631
209723
204739
201360
203533
210159
217127
220374
218563
212912
205660
197685
189618
185168
185557
189474
196166
207133
221271
231324
231360
224401
218886
218911
220481
215129
201816
188063
182769
186009
193576
200364
204819
203407
194050
178235
162800
152216
148549
154732
168605
183237
190780
191842
191319
196369
206570
219569
233052
242932
243917
236691
227086
220846
219797
218899
214236
207839
205719
210779
219363
225039
226740
227123
230979
239549
248395
252528
251500
245942
238018
230752
229080
235438
244800
251595
256770
262555
269130
272320
267731
254463
237398
224130
221327
229190
239481
240949
228191
207929
195758
200625
217828
231128
229238
215773
201165
193380
194520
201749
210314
219135
225501
225693
219323
208447
195784
185592
181537
184219
191921
201307
208010
208050
201493
193740
191838
199732
212675
221113
215984
200663
187660
189602
207038
228925
239661
234741
220403
204459
189928
177573
168894
164626
166590
175430
190742
209839
228847
239755
238356
228667
220058
220822
229979
236332
229833
212048
197738
199370
214005
227567
228241
215701
197401
183733
181043
190771
207538
223963
234158
235832
233010
234555
243127
250657
247391
232362
213453
197452
189346
189314
194533
204270
217895
232841
245784
251073
243342
224625
207189
204041
221387
252768
283012
295562
285470
261756
239460
229774
233869
241419
239513
223713
200355
181244
173042
175644
183139
194133
207399
219969
227029
228051
223978
218775
215480
216947
226452
241723
253974
251213
231174
205437
190062
191780
209483
229523
235516
224119
207791
201624
212532
233004
251785
261220
261067
255525
247763
240855
238223
238860
238900
238862
239478
240557
237825
224522
201701
182759
181211
197577
219053
232645
233022
222200
207965
202617
211309
227141
238344
239618
233626
226227
221138
219837
223257
231848
241870
246937
243455
233157
220722
209209
198993
192187
190547
195406
207194
221116
228913
225303
209824
191153
179072
179213
188425
200058
208648
214328
218060
220386
219679
213916
203852
195551
193870
196851
197848
190848
175983
161053
157710
171560
197179
219926
228179
217771
195980
175522
167058
172147
181975
187422
186854
187759
194457
202660
203928
194041
175118
159041
156653
167799
183988
198639
208823
213629
213393
213392
217390
221476
220966
214550
207719
206932
212979
220157
224941
224849
221313
220461
224376
228498
227192
219995
211416
206304
207629
212687
215960
215279
214204
217924
228648
241231
245659
235706
215902
198657
191848
197079
207682
215689
217728
216881
212278
205769
202293
203504
209011
218558
230503
238883
239959
231988
218029
204040
199035
204945
218941
231715
232940
218028
196065
180384
180592
193010
204784
207593
200315
188946
179731
173588
168592
163740
158723
157901
163600
172551
178634
180422
181927
189250
201748
215490
223960
223117
214254
202319
192453
188267
192160
206341
224973
234774
231747
225664
227506
238811
252180
260158
261018
255831
248615
244305
244437
248273
251858
250047
242534
234081
228992
225200
219565
213317
209450
209020
212440
219595
225960
225856
218339
210402
208204
214004
224112
231851
232998
229527
223731
217017
213500
213173
212789
210363
209998
212008
211999
206910
198759
192971
194096
201667
212305
225017
238247
247085
249876
251157
255816
262459
265292
260576
246595
227444
208939
196306
192102
195032
199784
204252
210554
220781
234248
245260
250737
250781
247490
242095
234633
222398
207451
197576
198167
208982
221289
223089
208140
182809
159580
146590
144699
152725
166512
180814
190912
196605
202066
210719
222418
232067
234124
228076
220515
217885
219973
221055
216945
212010
211399
215949
222727
228079
228401
222980
217389
214794
215155
217934
222919
229445
237224
243617
245672
242703
240059
239592
237842
227949
213885
204570
206281
216951
228698
234892
234132
229500
221400
211384
200425
192918
191534
197228
205458
210294
210615
211154
214979
221613
230034
238387
244807
248142
248764
246262
242225
240591
245678
255424
265442
269646
263645
249555
235850
229111
232200
243054
258322
272240
278650
274096
260967
245261
234697
231704
233806
235184
230955
220392
209131
205898
213976
230724
249782
264932
271404
263917
241935
211899
184994
170308
169520
177610
187011
194002
198145
200158
200012
200454
204493
209511
209665
201682
185766
164139
143691
130464
124736
124787
131223
143873
160390
179260
194975
201258
197544
192955
193625
198675
202330
202826
202132
202544
204078
207655
212916
219023
223380
222502
216893
210071
207312
210508
218276
224972
226000
220524
212282
207194
207343
208138
202498
190162
178203
175620
185110
202380
219863
231534
232007
223050
210901
202978
200977
201948
200940
194547
184172
175176
174963
186184
203470
216836
221488
219367
218758
223981
230156
227172
213497
198807
193202
198854
211044
221239
224038
217993
208920
203070
203815
210847
223772
238102
247550
251385
252803
255623
260765
264710
263172
257068
247606
237347
228167
222087
217730
214431
213506
218472
227181
236032
243431
250309
256654
258733
254925
246921
238905
233427
228753
222629
221746
230391
242458
246346
238764
224280
208351
193112
181453
175575
175825
179945
185329
192046
199555
203382
199269
190301
182339
180375
182489
180967
171950
160494
155157
159940
172129
187073
199139
201760
192899
179960
172674
174739
180160
181714
179660
179926
185037
196080
211150
224090
227871
220531
209006
203427
208754
217952
217834
204969
190185
186729
198694
218543
235079
241510
236226
225546
216016
211243
208430
205218
203202
204306
206914
208979
209607
209471
208322
206364
204399
202971
202226
201237
199320
198264
205376
223460
246676
262561
262591
247838
227264
206984
189478
177734
174431
179252
187996
198391
206793
213712
221792
232397
241909
246317
243740
236262
225865
214500
205589
202076
204762
214502
228743
239835
242930
237457
228466
219446
214268
214374
220328
228057
233484
235223
234699
235150
238361
241140
238106
227077
214671
210277
217512
229973
238424
238532
235157
234677
237160
238900
236778
230852
223617
219016
218202
221156
225171
230491
236814
244656
252974
260248
264649
262954
254074
240787
230486
229493
238740
248212
251472
247988
243404
239255
235861
231971
227336
220807
213530
207477
204689
204749
205669
204834
200028
194431
193000
196370
200953
205175
204702
196610
182457
168378
162736
171606
190271
209538
222033
226477
225731
220830
211083
197520
182910
171447
166096
166758
172299
180767
187808
190130
188674
187764
190972
197605
202432
200143
189429
175402
164004
160922
169154
184007
197792
205865
207528
202334
191583
177736
166565
163711
170152
182907
196099
205738
209173
206290
200168
195250
193796
197688
205861
211846
208655
195682
180696
171631
172956
181837
191960
199378
202542
200411
193516
183872
175971
175627
187489
208434
226785
232156
227978
225324
232592
244853
254722
258171
255873
249038
239579
230338
223737
220678
221453
225562
231949
238625
243440
244442
241741
239229
238622
239724
242553
250140
261426
270291
270844
263130
250811
242450
243402
249578
253165
250425
244088
237873
233646
231044
231653
235406
241058
244804
244424
241813
238720
234039
227434
222212
222319
228794
238517
245203
239585
219932
193656
172326
165396
175044
194330
210624
217901
219124
219464
218200
214227
212373
216411
225608
233451
234561
226933
213268
198916
191090
195192
209345
227420
242456
247612
238632
220023
201152
191878
195491
208757
219346
216866
201107
182937
170604
166599
172347
186826
205359
220712
230206
231995
227494
220235
215973
215369
219964
229581
238642
237914
222659
194762
164788
147393
149855
168186
191784
209047
213577
208818
204896
209963
221244
231965
235708
231087
220557
210349
201642
193697
187000
183910
186973
195554
205761
213259
212971
202686
186183
174976
179877
201200
229354
253060
264668
260183
245229
232142
228190
231563
236688
240281
240363
237867
235515
232868
227565
222207
221692
226475
232507
236335
239166
242204
243610
242913
242907
247552
257482
268531
274219
270160
256118
237280
222101
217181
223142
231666
234438
229516
223824
221599
224198
230957
240896
250545
255196
251540
245462
244187
248555
252864
251250
242814
233801
231114
231851
229719
223361
216763
210907
204875
197675
187930
176635
169453
172319
183746
199681
217309
233952
246517
254966
256418
248170
232531
217318
206605
197931
188221
179878
179944
190864
205737
213218
208102
195686
185842
180126
176325
173190
171474
171898
173629
177204
184783
194827
203624
209229
206579
192009
172514
158484
153103
153403
157401
163602
169580
176027
182170
182589
174726
168586
175763
195756
217791
232401
232639
221332
209104
205289
206600
205631
197605
182956
163488
145412
136228
135515
140536
150362
166736
186191
203654
212357
211929
204848
197569
195935
202302
215564
230642
238130
231806
212585
190103
176229
175614
183145
192608
200212
202696
201795
201726
205908
213356
220179
223788
225178
226059
226985
226832
223476
218564
217563
224723
240358
261920
283400
293521
285921
265802
244867
234063
236924
245011
247168
241344
236419
238561
246838
255267
258452
252074
239035
227890
224895
230097
238299
240690
234637
224985
220334
222476
226669
226195
217929
206266
202181
213195
235418
253166
253967
242436
232180
230226
234476
237252
230760
212907
188940
172420
173500
191613
214760
229215
226649
212660
200548
198245
202369
205614
204659
199387
194296
194302
199849
202378
192143
168913
145779
135282
140960
156179
167327
164941
154386
147978
154401
173533
196436
209682
205640
190424
176736
171283
171648
171959
166348
156004
150633
154638
162346
165616
161937
155819
156172
169765
195713
222895
239093
238268
225612
215483
219858
238261
259048
268337
262875
249369
236428
227722
226084
228764
229481
225146
221330
224205
233115
242730
249147
253315
259550
271385
286270
296949
295534
283894
267137
256725
261248
278989
296285
302557
295056
279801
265199
257142
256322
254941
246731
233658
223793
223254
234567
253254
270499
277526
276821
278310
286902
296551
301464
297314
283335
264001
249377
247388
255903
264442
262210
249703
234644
227830
233315
246161
254479
253850
250048
251185
257308
262938
260764
247995
231615
222289
224675
229851
224027
204638
179853
161766
158609
169124
185366
199485
205633
203043
195893
187416
180656
177679
176299
171210
162273
156019
154732
152161
144288
135157
133529
144100
161514
176036
178438
166509
144971
126942
125357
143727
170918
191927
199059
193521
181279
170323
166989
173915
188890
204709
214294
218030
220587
216986
203115
185814
175388
174771
181258
188981
193135
191440
185433
181396
185299
201967
228916
254733
265347
255200
228611
200001
183572
185512
198633
207539
203396
191332
183590
186277
195483
203457
209536
217891
230802
241608
242667
233514
219820
208117
201789
202615
209701
217512
218606
211013
200215
195152
202545
220287
240206
252743
252761
242213
231523
228701
234622
245070
254659
259272
256123
247956
238987
231835
225085
219994
217057
217086
220108
225703
228970
224504
214256
205803
206283
215860
231474
245235
250195
240123
220861
204514
199569
204986
216017
227165
232593
228244
217156
207332
204656
210832
221498
230997
237363
239718
235986
226772
215126
208093
210674
221859
233010
236040
226713
210377
194661
184718
183014
187648
194711
200370
203763
207382
212378
217375
219601
219682
221493
228068
237264
241313
234289
217245
195409
176239
165961
167271
174761
179922
176071
162440
146985
141607
150578
166391
180395
187851
189329
188973
191892
199395
207172
212160
215214
218657
220730
216593
203712
186335
171160
161941
161627
170179
184531
196358
199437
194170
188981
194196
213381
236442
247798
239909
220251
203483
197982
202615
212132
221921
229842
236017
240757
242350
235769
222416
208887
200592
198818
203614
213088
224586
236752
246159
247680
242185
240373
249429
264806
273909
270010
256917
245761
240272
236428
231854
226862
222100
218622
221774
234470
250794
261878
263929
258321
254429
260213
275366
292108
300059
294013
277697
257895
243238
238487
240570
240296
234440
226869
224090
226668
232369
238779
244100
246581
245767
243454
240068
235753
229340
220599
212208
210079
213961
218121
213370
198765
181753
174649
182794
203613
224854
233279
225721
208738
192622
181274
174147
167177
162331
162045
166213
169871
171042
170545
169659
171208
180463
196696
215023
227035
226118
211631
191589
176642
173546
183008
200007
214701
216034
204677
191439
186395
192935
205963
216808
224311
231082
236148
238070
235859
228700
220576
219424
230440
247025
256572
249590
228203
202277
185431
185348
200694
218993
228066
222787
210687
204769
211818
227306
242177
247732
241248
230190
222381
218737
215514
207987
197984
191032
191392
197597
203784
205376
201250
193882
189647
193466
204578
215407
217170
206472
189352
177247
177963
189551
200614
201696
192145
181702
182412
197391
217613
231558
232420
223074
210606
201366
200305
205761
212800
216632
216666
212384
205686
198628
193642
188730
184206
183260
187878
195957
201346
198755
191687
188313
192737
203352
210700
206478
189169
167411
150879
146696
156629
176628
197757
210908
214557
212585
208849
207634
211724
218935
225145
228058
230242
231674
229275
223516
219011
222986
237759
255944
265647
257082
232240
203997
191071
201442
229446
261008
282393
283910
266430
243072
227684
225339
232055
245158
261447
275565
281247
276326
260872
241998
230521
235770
253964
273462
280615
269501
243767
218536
212710
230192
258448
281484
288285
276612
251993
224281
205551
203548
218617
241417
256779
255185
240062
219900
204388
200241
207645
220010
227941
225693
214351
199705
184427
173149
169183
175170
187360
196019
195004
185895
174396
166654
164632
166162
170442
176154
179502
176144
167778
160334
156593
158172
164333
171772
176341
176728
172505
165352
158390
153136
150572
153904
166789
187204
205819
212543
205496
191797
183359
188009
203451
222359
235905
239119
231042
220667
216447
218770
224026
232000
241584
248677
248428
240828
228791
217137
212435
219100
237766
263457
285272
290290
276343
253702
237455
235321
245577
260565
272361
275247
269672
260498
252708
250444
254849
266072
278708
283813
275314
258383
241792
231156
227356
232754
247933
267928
282625
282792
265550
239288
219116
216205
231522
251077
257927
244612
217720
192996
184092
194895
217601
237991
243996
233187
213184
196115
189989
191940
194012
193578
197402
208850
222237
226165
215522
195813
180392
181206
197971
218506
225452
210446
179890
150645
136290
141585
155939
163999
156585
140447
129578
131680
143989
158561
170888
179627
188414
199821
210014
206805
188121
159840
134058
122471
127742
141460
153199
155829
150583
146220
149536
162918
183103
201041
210266
213050
214838
220776
229013
234043
231581
223004
212859
210064
216920
224866
223355
213042
201705
197760
206379
225530
245398
255891
252306
238178
223370
218240
224545
235930
243163
241092
231148
218927
211601
213340
221112
229585
233410
232403
229910
226382
217588
203665
191976
192314
209005
234377
252554
251606
232435
208540
197093
204668
223280
241366
250632
249536
241927
234863
231781
231454
232156
230714
229115
231011
238593
245435
242968
230215
216356
209810
212892
219284
221687
216110
205474
195347
189764
191077
198773
209508
216568
216030
209481
202551
197946
196809
197514
196669
193452
191335
195661
206868
219982
227729
229862
230390
233196
237343
238280
230504
216118
201598
191379
186459
186046
188960
193247
196185
199393
208444
223021
236977
242361
237713
226447
213206
203803
203226
209921
215766
214643
208765
205634
208565
215770
222874
223288
215510
204381
198035
201743
214577
229553
239776
246458
254931
267255
276162
273458
257429
237016
220082
208645
199480
190425
178907
166475
156545
154682
162801
178267
194711
202905
198734
190332
191501
202568
215698
222378
222970
222659
226691
235487
242904
240284
227764
211813
199631
192443
190501
192659
195824
198726
203055
210677
221227
234443
246405
253424
252090
243246
234684
234860
243886
254976
262170
264681
266763
271123
275814
274243
262937
245199
226772
213665
210552
218377
231571
242073
245874
247569
253617
267847
285163
297666
297498
282682
258149
232669
213697
201803
191748
179277
165675
156457
154705
161833
173785
185554
195196
204006
215824
236625
264290
289892
303821
300472
283345
261386
242950
229755
218487
205680
190536
177477
175591
186719
202027
209739
208611
206520
212457
227117
241470
241868
224655
201889
186113
183495
191768
202750
205241
194488
173899
154946
147931
156245
173909
188656
191674
183904
171768
162296
158572
160685
166767
172955
177760
181951
187630
192338
192982
191383
193108
201091
210651
214436
208053
193161
175543
162449
161290
173907
191210
201278
198637
188714
183758
191376
211376
237381
258964
269678
267741
257680
243346
228721
216633
209231
208435
217105
233053
246209
248031
240461
235067
240820
258888
280955
296048
295514
279682
254672
235105
229752
237247
248091
256192
260910
265505
269167
267275
259528
249991
243730
240347
238693
238301
236302
226702
208618
187836
176734
181615
196014
205238
203672
194858
185551
179350
178598
183523
189770
192997
190650
182983
172843
164699
156207
146096
138198
136113
139981
147058
154839
161249
164289
163580
163300
166460
171880
173243
166106
156077
151857
156241
163980
169527
172337
177183
187417
201641
214946
222467
220947
209669
192493
177087
170905
175104
183255
187240
184608
176919
168985
166814
171703
181697
191847
201206
213284
229600
244457
250876
247562
241745
240507
243495
245042
242044
234567
226487
221996
222872
230690
244140
257561
262375
258247
254565
262135
280411
297947
302689
295287
282563
271652
268273
270218
270455
263959
252009
240814
236469
238608
243784
245507
242434
241786
248171
257834
263077
258665
246264
231522
221460
222441
232156
242717
244697
235421
223016
218936
227407
242589
254809
258296
254807
249150
244268
240378
235091
226124
211163
193376
178588
168993
161605
154279
149593
153324
170277
197410
225649
243495
242353
221168
191903
168616
159128
160793
166655
169226
167553
165250
164527
164727
164631
167086
173660
184739
197433
209496
214552
212230
206851
206001
213398
225401
231740
226307
211131
194147
184794
187875
202254
220744
235663
242232
239289
229591
220341
217215
221807
228843
233341
234477
236942
243741
254840
264318
266352
262581
257028
253640
254216
255589
253217
243916
233245
229436
232582
236292
237116
235844
231228
222421
214143
213495
222301
234306
243701
249634
256101
263988
266376
254408
228744
202773
191292
199478
219946
238358
242038
230380
215076
206867
207055
208541
204821
195142
183735
174939
172253
180230
198850
219361
229236
226637
215662
202008
188696
178060
169015
162198
161672
168880
176551
178781
175460
172000
173891
181891
190286
192383
189094
188125
195329
206642
217534
223728
223470
218676
210556
199263
187157
176455
166952
158205
152269
154555
167129
186205
203149
210042
204405
194823
191327
197122
208506
220243
228322
230622
228708
225784
222309
218679
218362
221826
226951
229334
226806
222559
220739
222688
226160
230585
238227
250435
264730
275238
277153
274091
273466
277093
281719
280577
271261
259588
253307
256212
263339
265799
258547
246234
235805
229644
224749
221140
220186
223496
229619
235637
235674
229529
223604
224948
232989
239454
241460
238630
230170
214552
197221
184263
179875
181907
186133
185954
178988
169360
163415
163026
170072
181210
191297
198772
202835
204006
202673
199633
198786
205758
217006
225261
223023
209736
190427
171194
155670
147401
148310
155361
163835
169756
174261
180484
188746
198927
209479
216413
216425
212541
207358
201024
194799
190353
186037
183346
186370
195847
204831
208056
204908
197752
190008
185648
187432
194280
203818
213687
219100
221082
224012
229139
235191
239508
239097
233841
227768
226068
228442
230858
229724
223770
215831
210642
207417
200841
187690
172594
165058
169535
182498
195531
204476
212010
222878
235871
246188
251626
253101
251862
248204
244558
244077
244968
244456
243148
239689
236249
236697
241100
245945
247638
244723
237266
227840
221464
220836
226398
237754
250191
260587
267258
268266
260194
245714
231976
225119
225608
230697
238182
242718
238435
225404
211051
204990
209884
220362
230962
237765
239283
237090
233729
232329
235960
243133
249245
251002
250190
246844
239086
227800
217794
210770
207081
206258
207891
211181
214114
213765
207359
198176
189311
183167
178545
176262
173769
172103
175457
187360
202911
215885
220122
214641
203078
193220
189918
190726
193629
198031
203763
209279
212245
208127
196454
182260
174298
174413
176622
174891
170198
165020
166754
178939
197399
214867
224195
221812
208454
190582
174601
166681
168928
178658
186757
184861
172848
157555
144635
137691
138751
146558
157613
167862
176153
182249
186607
191463
197719
206797
217233
223293
218892
203934
185359
170211
161873
162967
173308
185473
191804
191547
189938
191743
198814
209562
218230
220273
218325
219790
226549
235877
241350
239850
232766
227696
230642
242793
255550
262186
266397
274792
286703
295954
297937
291633
278416
263236
250949
243987
244821
251432
259316
263445
265351
270005
279882
289494
293285
289933
281727
274262
271346
272928
275273
274814
269175
262992
259815
257479
250260
238772
229994
229288
235789
244366
250563
252356
248537
239765
228900
216064
203068
190560
177864
168441
167552
174278
183123
191547
198775
201922
197622
188577
179433
169360
156823
144249
138720
143030
154614
167091
176411
182663
186314
189542
195312
204407
212353
215310
209797
197257
182468
170221
159664
149370
138248
130005
127336
131783
143545
156080
163387
166661
173045
182274
190502
193013
191245
185614
176073
166625
161992
160105
158033
154297
149947
149695
157856
174053
191201
201930
205243
204658
205494
214184
229315
242160
244499
238861
234392
238961
249882
260587
265216
263543
261107
263235
271479
284201
297176
306423
312118
314998
314060
308131
298735
289754
283763
281116
282228
288603
300618
314906
325002
327215
325475
328626
338268
342886
332333
311676
291921
278177
271773
271521
271347
264657
251217
237411
229116
227548
229261
231703
235894
242480
248073
248209
243359
236580
228555
215467
200312
190675
190167
190303
183099
170378
161933
163239
171613
178933
180018
175729
170231
165515
161487
159169
161125
166937
173238
178192
180572
181820
182223
179724
173671
165660
158984
159325
168686
179620
182891
174951
162400
154629
155762
161761
168538
173065
176877
182528
188002
189783
188617
188259
190259
193270
198042
204319
206293
200188
187876
176768
172023
172364
174393
175003
173524
173483
176495
182890
194613
209115
221671
232795
246335
262325
272330
268613
249709
223436
202685
195320
200347
212502
228773
243296
251594
253011
250961
247453
244959
245448
249577
252776
255531
258552
262029
264560
265733
265440
261879
253712
239300
221168
204922
198986
204472
219446
236990
249543
250786
237923
216650
198037
187975
186589
187250
183830
176076
169432
170877
183530
202037
215313
219738
214871
205500
198487
196573
197474
198467
199433
201903
205630
209973
214034
214070
208153
201219
199241
203847
211598
219157
223878
226553
230431
238101
245511
247299
241438
230578
218495
210601
208606
209779
210225
210222
210546
210804
211849
214147
216359
217629
216030
214036
215136
221454
229216
230548
221463
208083
198966
196585
197447
196017
187895
175192
163510
156570
154422
155244
157199
158588
159721
160930
161650
161891
164693
170918
177264
179818
181208
186009
192823
196755
193645
185030
178219
179118
184250
188406
188056
184911
182170
182787
186333
190371
193972
197586
201658
205163
208631
215842
228654
239597
241105
232185
218368
207346
205276
210189
216812
222649
227583
232542
235124
233670
231825
234269
239845
245489
247090
242658
234796
230129
234256
248176
267996
287426
299271
300022
289692
271928
250512
232860
225119
228136
234454
238527
241046
244957
251909
260302
266484
268201
266926
262168
253745
243391
237133
237560
245000
256191
266589
268726
261677
247957
230548
212228
196771
186313
180429
182119
195353
217518
242752
267167
285279
293632
288314
271159
249299
232441
226629
230363
233933
232714
229862
230590
236375
242097
240182
226838
206967
187176
176609
179859
195690
217477
235319
242219
238524
228031
216423
208379
201428
190909
178678
174295
181287
191600
194253
185755
171836
159908
154127
152743
150951
146446
140874
134877
131926
139925
159176
177904
185545
181401
168464
152472
139989
136452
141772
150063
157845
161860
163205
167402
176970
185229
186574
184443
187503
197341
208863
215868
214171
204395
194484
193371
203715
217587
223431
218223
208489
205461
215313
237643
263162
282043
287332
279535
264201
249300
241297
241734
248715
256986
262734
265984
268305
269599
268657
264568
263494
272997
293190
314205
321122
306818
281527
262729
260955
271796
279474
271853
247833
218039
195495
189427
201233
222980
241458
247543
244695
242469
245188
246445
236779
217035
198682
194007
201587
209556
208213
198893
190118
191893
207064
227985
242762
243682
231813
215235
205274
204904
207593
201878
185977
165744
149236
141980
147158
158683
164889
161683
157884
165626
185887
210736
226045
222925
200585
171376
147510
135439
132576
131771
127922
121902
119243
124290
136891
153103
171930
192793
211984
223420
222124
206571
184009
164229
154004
154746
166055
183164
197533
197251
180905
159915
149613
159211
186617
218001
236638
235542
223039
212540
212104
219407
226405
226988
219465
206906
193218
182198
175490
175249
186121
207708
234681
257953
267304
257468
233326
207937
195797
200849
215013
224531
219442
204409
193818
197067
212556
232324
248766
257985
262191
263756
262899
260146
256415
251193
248160
253740
264779
270831
263370
247053
232979
232388
248868
277721
303917
313161
303024
284960
272005
270052
275945
281292
281839
278711
272959
264478
256399
251956
253743
260755
269307
275777
277581
273651
264536
250941
235937
224901
219061
217191
216297
213879
210510
212302
220837
232563
242665
246250
240189
223305
199210
175528
159735
152856
150755
148907
146770
144415
144182
148598
158344
170168
177680
177305
172794
172864
183878
203092
219800
224289
215036
195133
171157
149798
135702
128985
126644
126120
128845
138494
156188
180719
207417
232606
252182
261123
252792
229431
197922
168720
148720
141655
145321
155957
167926
175868
179084
181239
188024
199122
212139
224560
236237
242390
241188
231728
219585
213964
218195
224929
226459
219203
207339
196860
193081
197074
206982
220467
236891
254951
270007
275631
269002
254396
237327
223376
215981
213729
212767
208814
199099
185086
176593
185438
212841
245131
267286
274853
270217
258104
243987
231579
224318
224494
227937
226628
217949
208263
201732
200132
204565
215844
231477
244722
248379
242213
231505
221254
214051
212125
214757
220461
225503
226144
223458
223439
227918
233776
238375
244948
254901
262630
262372
256295
251693
253021
258702
262421
258417
246900
233429
221966
216074
216499
218292
217314
215931
216243
219631
224367
226904
227255
225580
219419
206338
191107
182026
183102
188767
192817
193846
193689
194583
196669
197791
192876
177687
154828
133362
123245
129053
144582
158922
163425
158370
148664
140967
139093
141471
143935
145186
148817
157166
168670
178531
180628
170966
154937
144596
148943
162808
173480
172887
164278
159732
168637
189704
215124
236166
246820
243454
229203
211076
196604
187369
181469
178997
184438
202588
232578
266379
289997
295087
285818
276798
276933
284301
287726
282031
270322
261894
260983
266756
272925
276168
277359
276347
271336
262126
254754
256933
270563
290679
310332
324413
331982
329348
315539
295096
273309
256291
248127
244574
242256
240292
239630
242130
251154
268058
288085
302787
304738
293532
270648
242262
217230
202362
196888
196228
196035
195759
200050
208716
214857
214163
209373
207264
211576
219627
223745
217931
202831
186137
175275
172890
174338
174090
171958
170475
172924
180558
192754
205388
212092
209941
203442
197365
194765
194663
192536
186756
177962
171185
168918
169511
166938
159174
149513
145880
152785
168510
184236
191754
191617
190555
192292
195670
194255
180831
156745
132757
120645
124678
141781
162131
174711
175307
172938
177875
192465
209389
217531
213801
205103
200909
203531
210150
216062
217800
215230
214558
219110
224844
222411
207781
187362
175296
181344
204600
233937
253668
254883
239693
222453
217227
227850
245453
257680
258680
252892
250724
257328
271614
285727
290836
286381
277753
270977
266974
262364
255000
250562
256273
273185
294380
309748
313874
304839
287325
271100
266208
273310
284897
289351
283665
273239
268503
271465
277420
279777
273502
258191
237870
219355
206976
203460
204768
207496
207094
203888
200417
200259
202526
201429
193810
182143
169561
160330
157605
158046
156660
154755
156924
162331
166377
164884
156925
143095
131005
127441
133529
146013
161526
172814
175904
173366
170833
172278
178745
188702
198430
204145
205011
199705
188689
174975
163163
156287
157818
168879
183961
193782
193279
183498
172822
169940
180050
198326
215781
226981
231132
229993
225744
220151
213961
207191
198704
189772
183426
178957
174696
171481
173118
183826
204612
230501
252787
266616
271771
270075
265362
264103
265497
263876
254073
237804
220906
209826
204476
200305
196550
199921
212301
226922
235565
237891
238970
243856
254321
266723
273897
271373
260425
245375
232986
224621
215846
203095
188609
177581
174959
179490
186281
192089
194585
194101
193527
197030
205189
216827
225550
225776
219012
212535
211176
211968
213307
217559
224675
231471
236798
241022
243768
242475
238395
236012
239850
250333
260172
260362
250533
237619
229852
233275
247263
263282
271154
265472
252737
244968
248711
256742
258375
251385
238670
223116
207240
195328
192026
200158
216381
233199
243287
245584
243477
242044
240227
236068
230533
227765
227875
227761
224168
214045
198691
181484
168406
162173
162222
161745
156495
145046
133276
128540
133418
145241
161166
176834
189957
197975
201188
202074
200730
195411
188044
184703
187564
193706
196911
193774
185530
178293
177766
185232
197156
209038
215374
212502
204866
199378
197852
200823
209348
224856
244333
261952
273387
276032
268552
253094
235206
223000
222458
231561
239117
237401
229416
224598
227308
234157
239481
241493
242135
241179
236092
228219
220652
215879
213065
212800
216442
222853
227472
226126
215584
197791
180466
173357
180541
197996
216548
227883
230021
226488
220315
211604
199711
184780
172277
166807
165383
161481
157499
160438
173527
192180
208703
218780
221468
220532
218942
217320
215807
219066
227422
236940
241891
240106
234015
229090
229363
233027
234863
231986
227090
226063
230794
236637
243401
252960
265303
274949
276906
268788
253024
236749
223668
214489
209094
208848
215378
227070
238966
247108
248309
246108
244352
243546
241199
233493
218924
202932
193192
190897
189012
182581
172820
168032
173562
185922
195858
195656
182197
159869
140209
134894
146988
166629
180200
180056
172833
167899
170521
176812
182185
184855
187956
193118
201672
209878
212985
208069
200258
200342
209857
220985
225227
218708
202783
184963
177284
187842
210267
232932
247235
249538
242021
232053
225277
225576
232826
242584
247565
242965
230741
216898
206596
198533
192856
190422
193540
200984
209068
214431
214382
210265
209021
216907
231600
246100
253724
251122
239724
224516
210515
200758
198152
201634
205358
203194
195212
186301
184952
195605
213996
229338
233914
229431
221955
217344
215983
214701
211430
209744
212981
219230
223595
219875
209689
200128
198122
203917
215602
229664
239819
239542
232151
226432
230239
243642
259813
271689
277583
277668
274092
270857
270469
271874
271863
271687
271907
267241
251952
229525
209817
202167
205806
211921
214331
215439
223568
241081
262075
277066
280848
273292
260521
247040
235568
225798
217178
209868
204909
201230
197521
193147
188944
187733
186685
183818
180778
182011
189492
199401
205726
206478
205110
204694
203065
195073
179413
163361
154865
157770
167904
176463
176066
168601
162870
164519
174142
189124
204009
211277
207476
193882
177228
166202
168689
182433
197960
205109
201730
191044
180826
176494
177997
181271
181723
179283
174650
167891
156694
145648
141681
149122
163128
178076
190547
199985
205879
208624
209767
214158
224358
234912
238843
233915
221896
209281
204033
208181
218092
224264
222982
219712
224790
241710
264624
280885
284895
280124
274134
272418
275266
278335
276201
266341
250805
233978
221151
213822
208465
201167
192314
184645
182091
187789
199764
209683
211000
205268
200827
204837
216773
225604
218896
196271
172037
161475
168245
182831
192262
190660
182021
174268
172815
177976
187662
199902
213697
225642
232494
234613
234301
233271
231279
229021
226549
226867
231079
236934
237057
229762
220420
217590
224201
236448
245949
248845
246435
242155
239286
243104
256899
275703
290174
295456
292782
285231
278026
270505
258080
239644
220741
209858
210798
217335
217916
207671
190586
177758
177026
187515
201274
211659
216678
219325
222758
228268
237181
247596
253129
246137
223898
193763
168837
157412
160429
171928
184987
196471
207750
216601
216250
203172
181667
161236
152453
158843
174284
190722
204414
213042
214451
208017
198744
192580
191217
193499
195943
196787
197124
198305
197470
194242
192292
197228
208721
222301
228163
220191
199524
178029
170242
186341
221918
261688
288298
288552
264443
232229
211001
205782
213767
226118
234878
233277
222759
210472
203325
206525
224257
252432
282230
302886
307587
296027
274105
253183
244389
249838
261478
271587
272537
259207
233546
209619
201222
210062
228670
250403
269631
280959
282107
274462
260224
243789
231759
229053
233741
240473
243743
241041
234741
231072
232214
236306
239992
243716
245525
240912
226711
206674
188876
180901
184672
193206
199085
200532
199575
199713
201455
204959
207668
206120
200838
199658
207827
221898
233386
235941
227394
212736
199334
189042
180205
172113
164263
157612
156777
165638
182920
200913
212192
215142
214229
213447
213300
208473
195321
177349
163791
162518
171987
183501
188592
188486
189088
196197
210340
228416
242860
245894
236103
219492
205015
198787
201090
207031
209886
208449
206764
206342
207954
211380
216036
219348
222789
225851
224056
214168
197911
183821
179988
190405
211298
232872
244053
242819
232250
216484
201623
196193
205526
225126
243812
251998
246410
232360
218908
214687
219286
228165
233659
230695
218524
202809
190627
187326
195187
210515
225931
233563
232044
223955
213699
201882
191521
186825
193030
208266
223514
223629
205383
177921
155444
146509
151072
163737
176060
181544
178726
169860
158906
149854
146113
150244
160033
172716
182977
183847
172378
156964
147110
149730
166060
190543
212339
220536
210673
186982
162783
151496
159041
178621
200507
217890
225346
221590
211131
201322
198173
204053
218097
236374
247428
240049
213704
181529
162366
164563
183556
208718
232045
248795
256484
253205
242106
232089
232235
242597
255477
262433
261321
254593
246303
242522
246251
252815
255803
253421
248966
241783
231539
222382
221188
230645
248703
269797
286291
294026
292365
279545
254985
227950
213660
217933
234784
253512
265902
271343
272899
275777
281775
288383
290148
282125
264055
241124
216668
