205523
210284
211340
207805
199822
190785
185445
187807
197005
207892
217136
224485
231562
237929
241051
239242
232621
225864
223059
224918
227987
230692
232985
236818
243593
250585
251612
243833
230539
218245
213003
217757
228835
239671
246924
251327
253019
252227
252317
254874
260016
267645
274294
273537
263998
250812
240149
235428
236727
241438
246108
250623
257053
265029
272203
277230
279481
280611
283617
288039
290197
288123
283637
281670
284219
289687
291859
288789
284766
283944
287448
293229
297008
295628
289981
283585
278199
273862
271795
274213
279795
284649
283924
274185
258807
246344
243655
251899
268519
287571
301314
306550
304347
296679
287371
282453
285610
296970
312581
323868
322933
310664
295847
286403
286070
295925
312764
330202
344831
352146
348484
334417
317376
304459
300717
304661
311132
312858
306596
293566
277483
263709
258432
263348
277157
295360
309592
311414
298173
274895
251723
237413
234076
238365
243163
243720
236545
220742
200422
182556
172999
175210
185570
194033
192442
180728
164604
151088
144691
147048
155864
167864
179490
186527
186571
180016
170219
162040
159899
165345
176142
187120
191845
188032
179017
172955
173894
181184
192355
202652
207600
206223
199833
190493
182395
181189
189891
205833
221336
228152
222011
207887
194601
189885
196519
211597
229107
242312
247914
244630
234220
220825
211839
210787
216465
225065
231761
233292
230319
225131
221253
220304
223386
231666
243613
254490
259805
255739
244208
234585
233580
240919
251129
259958
265578
267473
265034
258004
248007
241823
245136
258265
275373
289143
296856
299707
300186
299821
298800
297609
297895
300412
304894
309728
314148
317382
318652
318249
317626
318858
324023
333809
343969
351062
354688
355883
353515
348567
345612
347182
351062
354066
354039
350203
344329
339302
335653
334411
336931
342354
348899
352716
350419
339175
323370
309291
301850
302238
309063
317129
321972
321521
315499
304744
292162
280572
272115
266855
263506
257283
245828
232357
223277
224407
236472
252746
262227
258557
242499
220382
199715
185838
180030
180881
185514
190553
192346
190772
187219
184076
184252
186602
186595
180731
170219
158979
153397
156583
167766
183450
199837
213012
220392
220547
212309
197942
184671
179804
183991
193619
204722
214558
221724
227523
232282
234939
233580
228081
218841
207203
194292
183130
177426
178282
185616
197739
212736
227911
239815
245632
244722
238826
232395
228646
229102
232310
237458
244086
252051
259123
262368
260766
253702
242282
231340
225003
224273
227411
232283
237187
242241
247913
253179
255653
253678
249266
245101
242211
239698
238170
239399
243800
248229
250204
251176
253177
257952
267006
278178
285683
288157
286969
284679
284680
291284
304716
318977
327355
327237
319328
306516
292921
283850
284284
295978
316760
338194
351793
353024
344620
332964
321678
310899
301372
297426
300413
306171
310039
308609
301812
293200
287088
283577
280303
277580
276357
275338
273020
269315
264890
261237
261313
267627
277751
286219
286431
275602
256079
235152
220540
217511
226482
242550
261715
279590
290108
288975
278446
262598
248119
240041
240655
246037
251093
251608
246173
235902
226396
223574
229802
243201
256132
260837
256010
245920
234547
224653
217902
216183
220473
230098
240064
242899
235800
223729
212162
205431
203665
203110
201778
201020
202606
205177
205755
203397
199538
195234
191485
189511
189808
192387
196480
198727
196017
188329
179892
177117
181772
191318
200601
205101
201230
190596
179793
177045
186003
204262
225362
241490
248348
248454
247296
247261
248081
248816
248365
247990
249829
254084
259036
264236
270478
276247
279657
279322
276512
273743
275569
283052
292620
299236
300436
295914
289365
286601
291451
301373
310497
312194
304804
294708
290751
297033
310840
326464
338344
343393
342194
336841
329603
323515
321570
324611
328992
329544
324045
314629
305250
298875
296621
298347
304066
310201
311506
305836
296912
292188
296805
309408
323875
333177
332875
322061
303367
280956
259682
245468
242176
248920
260197
268957
271956
267838
256831
243356
232769
226384
221870
218584
214705
208768
200101
190548
181852
177421
183286
200853
222605
237603
237992
223450
202347
185571
180989
190769
212641
239577
261356
268500
256487
228557
197634
179442
179738
193344
208662
215221
208310
194495
184231
185584
199293
222060
244444
256823
255852
243599
226116
211626
204808
203540
203978
205242
208537
212143
212571
207588
199341
192883
191572
193163
194922
194804
192899
190072
186369
180495
173406
168572
169665
176960
186450
193721
197400
197882
195726
191855
189279
192591
201227
210503
216268
217969
218848
222763
229904
237871
245822
255608
268577
281340
289665
290630
284754
276227
270250
270356
278310
293203
311784
328189
336983
336423
330080
324657
324095
327773
333425
337455
338393
338345
340242
346883
357597
368554
374147
370853
358932
343682
332336
329394
334477
342627
348470
348304
340329
326839
312246
300095
292829
291504
294974
300591
306000
307479
303053
294454
287045
284475
286167
287637
284143
274162
260912
247853
238569
235660
242145
257700
274269
281591
274068
253865
229363
211069
203844
207043
216387
226763
234834
238116
236627
233086
228873
225160
222289
219920
219956
223867
230227
237981
246150
251453
250312
243480
235324
231304
237742
253544
270693
280458
281111
275751
268561
265120
269176
281113
295050
303949
301055
285875
264580
247174
238783
239825
245629
251279
254647
255270
253720
252371
251911
252168
251790
250397
248097
244357
238444
229486
217737
205075
194703
187757
186516
189348
192293
193393
193832
194738
195543
194222
191733
189998
189054
188508
187771
187531
189561
193638
197970
201526
203432
206078
212637
223910
235862
244202
247751
248449
247366
245856
247512
254964
267634
282572
296387
302784
299250
290700
284778
283706
287039
292545
296187
295087
291428
289624
291345
294908
297786
296542
287993
276053
265731
260578
262729
272805
287199
300386
305943
301508
289504
277129
270952
272930
281066
289451
290302
281864
269622
260749
259951
268741
283348
295632
296889
284546
264009
243933
234085
238659
251983
262543
261873
250006
233377
217219
206520
204704
211365
224498
239486
250225
250628
240652
226430
214501
206950
205657
210492
217826
222665
222256
217020
210345
204916
202679
201204
199319
199910
205999
217007
227048
229542
222477
213466
210771
216791
228627
239878
244916
242423
236539
231803
228951
228540
231109
234537
236549
236994
235530
232391
230194
234000
246378
265665
286282
300642
301207
285272
258597
232384
218366
220379
234434
251241
261825
265187
266966
272503
281037
289564
294062
294480
291231
287121
283928
282550
281130
279421
276717
272267
265573
257858
250666
244629
240895
239992
241126
243271
246401
250819
255153
258148
258642
253425
241791
227988
217613
212495
212842
217015
222967
228876
233003
235304
237029
241213
248829
256562
258577
253196
243457
237124
241827
258364
277851
288787
284793
269156
252677
246502
254603
271490
289516
302043
306510
303202
295867
287356
280229
278155
281767
285737
283232
273071
260424
252658
255682
270023
289078
304159
311863
312536
307390
297700
285736
272843
260318
252583
252870
261595
274084
284675
287311
278574
261980
247361
243482
253011
270673
286609
291958
283450
265506
247022
236493
238866
253972
274009
288761
288984
272293
246139
224646
218410
228110
246136
262685
268617
260899
243934
223883
206735
199102
205242
221095
238043
246859
242915
227338
209370
199429
202052
214238
229069
240562
246878
248902
248131
245914
242200
240420
244446
253067
260859
260878
252188
239200
228780
227486
236796
252359
268742
282492
291232
294162
292012
288146
287964
295150
306396
314546
314821
306610
291735
275840
265331
263772
270868
281657
290673
293999
292222
286790
279276
271995
269300
271555
276079
279850
279834
274350
264498
255202
249427
249010
251998
258116
263530
263244
254928
241540
229076
222439
221467
224056
229800
236981
242564
243752
240110
233937
228714
227361
228684
229845
230260
230177
229530
227779
224923
221942
222742
230020
240940
248241
245667
232663
214855
199723
190296
184990
182238
181856
184892
193408
207377
221767
229578
227426
217701
206854
201659
203346
208584
213155
217990
223954
230039
234494
234244
228413
220738
215446
215547
220006
224252
223189
218077
213670
214269
220299
230437
240667
246513
247208
245156
243132
242897
245624
249289
254044
262467
276731
292028
300982
300202
290707
277799
267153
261950
263194
269097
276256
282536
286881
287207
283130
276394
269434
264141
263061
268788
277885
281495
274145
258407
242212
234972
240009
251765
262749
269093
270232
265613
255214
240853
227286
219379
221219
231414
243519
251695
253874
251658
248208
245105
243307
241799
240332
240154
243802
253283
266855
277719
282001
281489
280171
282153
290149
303453
317777
327590
329885
325546
315722
304361
296159
295015
300938
310880
320930
325811
323543
316630
310926
309983
314847
321886
324674
319156
307977
296450
287144
279343
272406
266569
263321
265112
271972
279866
283829
280917
270236
255957
243743
239005
242553
251966
261288
263989
257804
245887
232136
219342
208634
200724
194653
188813
184129
181279
179524
178905
178894
177858
175271
171554
168981
168269
169965
174164
179151
181524
179901
175180
171814
175160
186441
199562
205401
200126
187278
175028
171833
179535
193052
206517
215699
217899
213884
208108
205100
207636
214656
221557
223915
220222
215159
213691
218533
229684
243798
254256
258637
257159
252608
247776
244957
242525
239448
236481
233989
230964
229765
233606
244087
258239
268845
269581
260550
248462
239998
237498
238678
240481
239674
235649
230280
224437
221365
224473
232819
242896
250425
252901
251843
250630
251199
252520
252222
248790
242767
234576
227477
223958
227063
239218
258371
278358
292992
297123
290198
277940
268674
266917
271093
277146
280798
280344
277351
275982
277656
281257
286576
291625
295430
299763
306015
312612
316505
316308
313458
311560
313042
317177
321067
323351
324099
321505
312647
297501
279621
266139
265958
280909
304767
327228
339389
336383
320653
301179
286810
282335
286671
295215
300066
296561
284723
269876
258235
257505
269655
289760
305863
308258
294338
269546
242385
221874
214792
222654
241305
261606
272683
267456
247558
221587
199887
190821
197417
215919
238552
255783
260254
251198
236293
223236
216016
212978
208587
200136
189006
178642
171385
170089
177332
191695
207773
220261
225342
222529
215435
207916
201868
199355
203276
214753
232899
253152
267985
270131
259977
243732
229643
224310
229457
240826
251960
258216
259123
257540
258023
262495
270232
279413
288456
294858
297082
293963
285468
274869
267895
267967
273985
281836
285753
282961
273906
263534
257973
261331
272328
285725
296020
298772
291886
279209
267973
262957
265949
275209
286919
297905
306054
309993
309058
305016
303437
307820
317278
327170
332167
330961
327851
327422
333047
344101
353300
352712
341477
325084
309578
301404
302928
312000
324023
335925
345775
351050
353046
355005
356492
355948
352072
344125
334465
325213
318306
314219
313336
315683
319201
322546
325044
323981
317838
308331
297528
288514
284890
286304
289986
292591
293160
291601
288054
283295
275663
266029
258522
255470
255479
256318
256973
259624
265611
273158
277153
272292
257912
240201
225998
221364
226654
235625
241639
241019
234443
224682
215631
206721
197818
187879
178600
170518
162845
155774
150959
150079
155089
164018
171433
174677
174416
171968
166175
155844
141818
126554
115620
115477
128187
149905
171261
181816
176680
158520
135342
118129
116726
134148
164689
195556
214100
213597
197924
179136
168472
170321
181724
194300
200402
197941
189244
178421
170612
170893
180696
197006
212751
221269
218196
205416
188085
170491
157900
154488
161114
175715
193487
208321
215844
216315
212238
207663
204734
205504
211267
222740
236728
246518
247765
241373
232106
225526
227484
238552
255774
274400
291032
303557
311002
314510
315084
315133
318299
324887
334249
344037
350726
351310
346301
340327
338777
343493
353202
366584
379619
387368
387241
378675
366626
356777
351561
349593
348484
346877
344165
338709
329833
318446
308186
304519
309211
315718
318308
315906
309980
302598
294182
285657
278635
273266
269724
264414
255963
245552
234728
225948
220258
217290
218101
222713
228041
230060
227218
220384
211978
205550
203232
206162
214004
226158
237558
243351
242394
237033
230210
223581
218085
213415
211776
213711
219094
223878
226250
224539
219395
214066
212539
214247
215226
210609
199311
186537
179943
183408
191775
197794
198322
195135
190601
185655
176707
161821
143509
130021
129186
140783
157351
171645
179051
179237
173704
164532
153892
143403
135423
131644
132544
139054
151992
167610
179639
183041
178753
172570
171292
177705
187759
194755
194839
190358
186735
188537
195221
203778
212153
218059
219562
217782
216287
219266
228067
241365
257145
274223
290398
302957
309644
311535
311831
312383
312818
310498
306753
306501
313125
325460
339128
348158
350232
347295
344263
343515
345882
353450
365349
375555
380705
380514
376480
371230
369325
369981
369386
365260
358195
349113
340502
336275
337881
343504
350312
355886
358520
358576
354371
344312
329787
315943
306692
301467
299353
298462
298837
301067
304168
305540
305774
307733
312902
320350
326121
326173
320715
314069
311100
311844
314268
315790
313919
309137
302493
296088
290561
286951
284139
280470
276050
271907
269967
271221
273303
273009
269265
264513
260521
258151
256797
254949
249493
241142
233427
227921
223787
221109
220227
221715
225931
229392
226403
211925
187765
164360
152574
155265
165970
172925
166667
148023
126210
112447
112771
125668
142041
154650
158998
156026
148427
141180
137549
139138
145439
154997
163855
167018
164332
159650
157548
159970
166915
176647
186158
193742
198754
201005
203621
210739
223290
238172
252064
263681
273616
282219
289413
293656
294028
293856
296690
303558
312076
319604
322738
322885
322767
322811
321143
318088
316070
316894
321281
325942
325924
320223
314230
314177
321040
328274
327073
313614
292640
273188
262867
263849
273915
287996
302911
315761
322048
317916
304644
286893
271730
265416
268584
276084
282105
284240
281437
275366
268324
263218
262709
269541
282847
296835
305464
305409
298304
289139
284990
290169
303999
322784
339558
347290
343119
330139
315040
303589
299628
303262
313630
326341
334910
333736
323131
308578
296847
292532
296131
304573
311640
313282
306055
290125
270444
254814
248697
252187
260435
266497
267338
262163
250922
235668
218685
203461
193890
193112
199540
206549
208482
203178
191305
176695
163704
155390
151420
149891
147999
144100
137571
129822
124029
124264
132763
148150
166286
181329
187790
183511
169843
152782
140758
139739
148818
159943
164415
159725
148161
136748
133141
141238
157730
176154
189079
193642
191500
187083
186772
192618
202550
211041
213431
208353
199955
190855
183779
179593
178142
180927
189282
201573
213952
221845
222477
217481
211330
207956
207689
208237
208762
209924
212287
217111
222481
226836
228767
230078
235250
246297
260239
270166
271802
267912
266106
271018
282792
296019
303766
303917
299069
294614
295539
302564
312847
322364
330230
335714
339288
341625
344532
346555
345454
342329
339373
338847
341056
342639
339508
330273
317541
306648
301711
305335
314826
323241
325782
322369
315971
311126
310938
316435
323639
325596
318225
303045
285338
272391
268781
273913
284631
295119
301058
298823
288217
272623
258086
251235
255507
268362
283646
294483
296704
290294
277648
263065
250940
244395
243918
247816
251611
251615
247391
241788
239212
241612
247015
253882
260303
264235
262338
252021
235544
220230
213101
217718
230449
241020
242078
232889
218320
204242
195124
191439
190871
189814
186820
182409
178845
176942
176273
176789
177911
179040
181547
186627
193857
200975
205455
204955
198004
187780
179596
177494
182048
191217
200227
206932
211815
216307
221945
228841
237788
247343
254059
251610
239862
224168
212966
210431
217353
230940
246819
258774
263244
260514
253874
247212
244502
248137
256515
266498
274927
280393
282579
282926
281182
278718
277463
278922
281719
282992
283251
283888
283634
283424
285116
288487
293767
301430
310707
320149
329388
337174
342703
345874
347846
346956
343056
337537
332895
331312
333168
336562
339118
340370
342329
347005
355302
365642
373757
376546
373306
362112
343714
325531
313714
310264
313236
320386
328112
334953
339946
339968
333552
322383
310560
301268
296037
293380
289254
282982
276667
271201
269437
273731
282471
287978
286784
279833
270569
262325
257980
254448
249415
245631
243932
242855
241525
240424
239485
239791
241124
240815
235820
226491
215258
206718
206720
216174
227747
233726
230868
221017
211759
208460
209001
208050
204272
196540
184912
171677
160875
154597
155841
164849
174736
177828
174607
169473
166941
168287
172795
177724
180142
179697
175540
168560
163337
162899
164900
165494
164154
161893
162152
167710
177459
186792
191801
191161
184665
174730
166186
164686
171781
183727
193463
194869
188798
182586
182400
188697
197863
204616
206684
205339
204586
208439
219586
236188
252438
263032
264730
258439
247615
238908
235530
238267
244740
252875
259665
266708
277039
293025
313540
334426
348939
352975
347069
336391
327205
325071
331286
341121
348706
350579
345805
336803
327772
321126
316851
315553
317775
321916
324588
323119
317783
310589
303747
297554
289133
278493
268610
263797
265745
270957
272880
269190
261193
253774
251894
255612
261513
264793
261405
250437
234723
218074
205550
200305
204063
213931
225369
232565
231159
221196
208634
200925
201939
210073
220330
227871
231776
234108
234994
233112
228065
219710
211050
207439
211424
219633
226161
227071
219815
207253
194603
186360
184615
190159
200671
210540
212987
204277
185632
163762
146937
141865
148741
162250
174233
177917
170593
155117
140070
132855
136252
147770
161959
171488
173259
167323
155595
141737
133323
138425
158288
188413
219602
241003
245641
235207
216002
198763
193364
202203
220482
240490
254904
259773
256861
252602
251489
255744
266833
282443
296117
301444
296153
283633
271243
265718
267813
273131
278103
283268
289531
294152
293939
288695
282176
279448
282676
290134
296832
300848
304408
311526
322222
332423
339698
344651
350423
359249
369696
378236
381471
379388
373631
366923
362744
364587
371645
382282
394647
406970
419124
428610
430053
419087
398710
377612
366991
371875
389593
410059
421844
420214
407725
390794
377486
373219
377135
384003
386618
380130
363887
342360
321959
308838
306098
312821
322194
326061
318568
301197
280097
261792
249471
244670
246939
252897
258126
260892
261719
259582
252894
241377
227701
217068
214665
219681
226074
226553
217869
203490
189801
180983
177693
180896
189329
198127
201831
199152
191727
182063
174999
174627
180737
191513
202856
207757
199563
181043
161746
150412
150019
156876
162284
161558
157211
153472
152180
151573
149878
146895
146650
150395
154459
154547
150822
145789
142732
144308
148820
150355
146100
139598
135843
139091
149440
162460
173279
180405
184090
185243
186395
190194
196581
202595
204644
201354
195903
195664
205214
224540
249907
274440
290742
294504
286546
272248
260615
257816
266217
282530
301187
317186
327754
332593
331913
327542
324500
327167
333376
338022
338539
335936
333212
335359
343178
353347
363426
374410
384281
389016
386208
377625
366579
357892
354301
355655
360131
366304
371480
371661
365337
353168
340001
331009
328740
331605
338386
346445
353672
358608
360660
358171
351365
343692
338349
336018
337543
341671
344028
342267
336670
328772
321717
319552
321915
326323
328804
327235
319419
306861
293241
281785
275131
276142
284509
294552
298444
290784
272667
252509
240969
242359
253734
267784
278354
279768
270625
250628
222146
191583
169464
161684
165018
171010
171901
163690
148003
131192
120309
118290
124695
135269
143346
142733
132836
119362
108732
102779
100829
103225
109010
115336
119106
118179
114464
112211
115659
124846
135657
146610
156805
163426
163223
154536
140058
124555
115027
113958
118996
127362
138020
149458
158469
161402
158224
153692
153323
158679
166239
171206
171493
168648
165996
168278
177877
193277
210229
224089
230886
231028
228170
227550
231203
237494
244811
251119
255046
257183
260555
265169
271083
277295
281887
283202
281519
279055
278952
284523
297476
313164
324787
327425
321717
312566
306671
308880
316929
325938
331148
330474
325522
319881
315498
313595
315613
321219
329033
336665
343058
348405
352197
353820
353945
352466
348883
342526
333336
323668
317373
315774
317956
321650
325031
327861
331057
333452
331737
324246
313555
304933
301456
304652
313734
326684
338878
346562
345518
334143
314120
293962
281372
281541
290073
298940
301603
298019
290925
285117
284891
291057
301836
312734
317989
313967
303774
294288
290106
291010
295928
301348
302743
298407
288366
272766
255232
241441
236866
241043
247186
249124
244404
235162
223642
210161
195939
184649
179518
180747
184431
184970
178925
166064
147918
126358
107306
98051
101648
113768
127136
135082
135599
130554
123016
114842
107653
105006
109514
118807
127425
130747
126655
117583
111967
116195
130921
150707
169692
184256
193398
196192
194693
193795
196723
204307
214666
225995
233091
232071
225076
219501
220710
230588
248110
269462
287820
296733
293442
280650
265545
255046
252376
257649
268758
280369
287960
288018
282008
273518
265823
259436
253648
247075
241015
237647
237392
239482
242314
246235
251904
259995
269401
278365
283925
284020
278795
269406
260539
257817
264923
280465
297460
309501
312973
309086
302360
297638
297654
302540
311324
322781
334576
342798
344839
341861
337852
336693
337313
335372
329121
321712
318036
320515
327562
334050
336435
336196
336670
340224
344794
346695
343559
336523
328966
324820
324374
325387
323467
316379
306181
298435
294913
293030
290259
287462
286632
287710
289252
287668
283138
276210
268241
259443
251802
245183
239512
236161
236829
242353
252703
264806
271268
265770
248935
228021
211153
204702
208323
214982
217286
212215
201544
193288
193827
200787
206469
205411
197324
186760
179485
176818
176210
176233
179243
186362
194353
198312
194831
186151
180122
181755
190138
200967
209354
211533
208201
203271
200335
202326
209887
218344
219597
213076
204538
199520
201980
212147
223205
227809
226134
220940
214940
210306
206461
201277
195888
194108
197499
204302
211600
216546
218118
218301
218674
217464
213912
207094
198151
189717
188356
196616
211173
225738
233494
231997
227472
226386
229530
233395
234258
232692
231201
232293
237382
246742
260016
275306
288057
294671
292166
280449
263861
248763
239660
240955
253795
273836
292498
302180
299969
289322
278251
274153
281410
298324
318732
333068
333957
321858
304887
292819
291979
300705
312176
319247
317292
306841
291774
278386
270629
269995
275539
283239
290550
295013
295541
292214
286198
279511
274760
274257
278472
285752
291725
291559
283292
270268
258594
251198
248378
249392
252448
255402
259310
264084
268899
272030
274627
278642
284717
289491
289625
283760
274588
267428
266371
271449
279187
284863
284228
277891
269254
262612
259269
259586
260869
259359
253258
245812
240317
238453
240235
243929
245207
243331
241279
239292
236656
234563
235712
241532
249740
254454
252669
245966
238932
234526
232444
231183
229872
228873
230603
235132
237503
232925
221419
208989
201914
202395
208827
219348
231928
244592
255279
260475
257423
248815
240282
236806
239117
242261
239666
228348
214982
209789
217236
233750
251165
260952
260742
252894
242387
232025
224338
220690
222164
229704
243346
258167
269492
272242
265428
253818
244804
241753
244044
248816
253512
257311
260119
261018
256953
247629
238947
236801
242664
254535
266456
271772
266916
252625
236781
229015
233146
245332
259007
267919
269677
265476
260413
255696
248840
239761
231806
228986
233688
242888
251446
253225
246231
234636
224501
222580
229873
241032
250049
255573
256027
251559
243367
233115
227457
235089
256685
283523
303797
309712
299635
280389
265858
267159
284414
309339
329159
333906
323724
308261
298018
298752
310457
326383
338825
345640
348249
345405
337090
325419
312575
302993
300350
305906
314673
319859
317837
312583
311399
318104
325888
325441
312406
291881
271963
258824
251920
247649
243788
241015
241956
246466
252939
259445
264758
268222
267177
259648
248897
239639
233618
231944
235332
241416
247028
249242
248114
244062
238369
234179
231876
231554
233153
235007
232800
226219
218703
214984
216774
223782
232578
239722
245922
253076
258805
260118
255689
247255
240403
239162
242886
247814
251772
252752
248534
240533
233691
231749
235761
243544
251747
257481
260881
260811
256063
248591
244512
245880
249765
251799
249287
241923
231688
222681
217366
217023
220002
224128
228354
231703
233866
234570
233782
229967
221646
209915
198866
192805
194314
203096
214272
221622
221870
214907
204825
195929
191841
191557
194888
202710
214469
225591
231643
231295
227835
227206
230904
235466
237174
236355
234023
232301
232868
234910
237949
243689
254644
268648
281271
290661
294750
293467
289270
284703
281945
283235
289714
299202
307265
311245
310041
304186
294982
285697
278554
275909
279672
290689
306743
321467
328950
327606
319579
309177
299976
295161
293776
294332
294319
291744
286668
279730
272982
268638
269151
274837
282118
286739
284924
275685
262088
253732
255719
266815
281741
292752
293060
280657
261855
244237
235755
240650
258996
281213
296105
297275
284901
264462
244647
232240
227782
228503
228891
224899
216223
207230
202758
206330
217735
232959
246357
252812
249158
236390
218442
202052
192557
193160
202893
217253
231674
244394
253429
257820
258099
254550
248113
240273
231718
222686
213950
205907
198029
190380
184585
183233
188349
200958
218255
233743
239858
233382
216621
196711
181832
176167
180290
191910
206781
218784
221742
214521
200178
183831
170937
165620
168131
175132
181379
184485
184651
183339
181734
181008
184957
194488
205985
212289
209465
198618
186401
180936
187145
202941
221785
236258
242568
241189
235387
229948
228641
233232
241556
249919
255973
260186
264106
269430
274008
274669
272934
273343
278541
287074
295245
300247
301453
300575
299488
296950
292519
287509
285410
286576
288716
288639
285753
281950
279288
280320
285073
289659
290362
284960
274561
262907
254221
250607
250646
251378
251154
249488
246948
243776
239551
236105
236255
241020
245570
246551
243630
238445
234157
233963
236937
241952
250268
261230
272191
278974
279772
275044
269661
268517
273440
280746
287422
293159
297830
302575
308691
315322
320206
320937
316634
309885
303618
299236
295938
292314
288419
285745
284851
287320
291298
293499
293069
291418
288475
283745
277070
269081
261494
255711
252823
252538
253746
252824
247227
237445
227375
219680
217120
218814
219777
215311
205873
195364
187353
185129
189280
195260
198695
198773
196121
191985
187652
181746
174581
170151
171718
177445
182450
185110
187218
193185
204852
218727
228604
231372
228432
222635
220300
226604
240593
256897
270033
276849
278050
276274
274691
275503
280126
287249
294576
299177
299399
296264
295191
300300
309438
317136
320556
318713
313009
306932
302587
300673
300095
300670
300016
296119
290645
287362
289268
295962
303570
306405
302530
294400
287968
285743
288404
294295
301526
305718
303212
293653
281637
274367
278048
291146
307087
316372
314530
304779
294536
288596
287115
289498
294793
302350
308363
309117
302364
291490
283516
284453
294044
306572
314770
313354
303018
289406
277727
272197
273643
278780
284595
290096
294471
298074
300672
300491
294796
284943
274615
265244
257936
253748
254044
256994
260238
260702
256730
250150
245825
247694
253946
259964
258362
246100
225013
204035
191907
194009
207461
226465
242606
249029
243237
227634
206939
188814
180572
184452
195312
203798
204304
196415
184920
176464
176324
184230
196683
206241
206740
196066
177634
158659
146036
141486
144943
155750
170890
184914
191843
188672
177012
162712
153545
154109
163918
179953
196110
206488
209259
205329
199090
197049
203127
215284
228929
239911
244675
241180
233162
225605
221114
221685
227731
237297
247729
255775
258437
255797
252937
255308
264044
276083
286814
291595
290444
286704
283450
282279
284187
290343
300747
313210
320914
319310
309549
296569
285675
280550
282197
285855
286051
283049
279680
277607
277559
280102
285562
293388
301140
305383
303113
296048
288306
283563
282643
284964
288975
293572
298379
302661
304221
301934
297949
296248
298094
301295
302532
300950
298335
295889
295280
299676
311411
325933
335316
333946
321448
301741
283472
274488
275626
283823
295547
307711
316127
317689
311351
299275
284638
274152
272382
278566
287094
290202
283136
269016
254895
248243
251892
262563
274612
282301
281658
270814
251767
232257
220471
219941
226562
232011
227804
210579
185037
159248
141858
138424
149687
170121
190776
203831
206459
199458
186779
175797
173369
180657
192799
202365
203403
193207
174560
156863
148684
153141
167878
187562
205525
217274
221972
219862
214358
210649
212218
219350
232362
247241
258029
259686
253488
243722
236857
238034
246708
256481
262215
262011
256969
250683
247472
251001
262311
278929
293368
298726
293348
279456
261387
246649
238913
238852
245804
259083
273642
282136
281165
272546
260611
250384
246113
248967
257832
270040
281264
287085
284960
276184
266501
262488
265842
272246
277175
278899
277861
275719
274295
274164
273530
272827
274312
279351
285783
290340
290771
287765
284134
284385
290773
302914
317141
327600
328787
320493
307851
297393
292829
295136
303031
313264
321726
323857
316823
301122
282640
268825
264053
267834
277600
288814
297879
302911
303730
300150
293878
287142
281777
276959
269558
258553
247261
239741
237899
240545
243042
242060
236875
230155
224432
217874
207823
194930
182052
172266
168202
169556
173845
178179
180495
179269
174210
165711
156190
148523
144146
142658
144835
151733
161838
168736
169161
165779
164340
168991
178495
187668
189773
184239
178105
176753
181739
190714
198227
199517
196239
193726
195245
200467
206982
211691
214041
217950
225297
231515
232319
226538
218297
212995
214959
223486
234424
244567
253195
259234
261745
260584
256665
252730
253187
259471
268992
277867
283795
287062
288495
289108
289280
289673
288794
287490
285533
282966
278066
271825
268450
271002
280325
295248
310438
319794
320409
313742
304924
298352
296515
299692
305100
310346
315613
319131
319177
312994
299287
281290
266182
258828
260741
269492
277767
279551
273080
261652
250744
244706
243269
243484
243775
245988
251737
259926
266970
269506
267502
265119
268457
277377
285902
286585
277353
260281
242173
230268
230306
243732
265126
283486
291713
288628
278928
268981
263190
262672
266822
274175
282917
290275
293173
289330
279105
266674
256748
253361
257614
263846
264116
255778
241294
226682
217443
216182
220273
225613
230550
235457
237905
235156
226893
214408
202390
197197
201647
209353
211559
203086
187059
173101
171256
183724
203429
218609
222404
215631
205028
196426
193512
196974
206581
219478
232564
241967
244657
239558
228890
219363
216553
221919
232765
243976
250587
250336
244671
239290
239321
244985
251970
255082
253341
248758
245391
247057
254448
265620
277666
288513
297071
303105
305944
304627
300839
296455
291853
287705
286391
290221
297729
305496
309818
309723
305975
302055
300429
304108
312808
323075
328146
325268
315870
305235
298489
298040
301695
305897
307612
305598
300595
292789
284550
279960
281431
287449
292883
292500
285635
275011
266926
266390
270539
270929
263255
248753
233704
225555
227646
238763
253225
266253
275649
280024
277916
271536
264375
260126
258567
258123
255191
247758
236636
227339
223375
225286
233564
247766
264174
275176
276801
268171
252402
237127
230422
235538
249110
263342
271050
268182
256752
242323
230871
225948
227651
233290
238516
239153
233599
224011
213787
206296
203580
205603
208355
207720
203143
198203
193770
188021
180828
175984
176353
182493
191896
199355
200013
193340
183875
176650
173347
173262
175887
181321
189737
196822
198241
194100
190449
194750
210134
230775
247864
256533
258288
257583
256271
255184
253494
252069
253035
256974
262519
271294
284426
299240
312151
321304
324441
321823
317048
313942
314338
318481
325090
331465
336305
337833
335641
331852
327638
321773
314335
310035
310147
310552
307350
300141
290994
284442
286590
296081
307250
315263
317175
310068
294260
275374
261173
256408
261166
270493
277663
279861
277463
272526
269933
274203
284237
296057
304453
306333
302280
294304
285911
280184
280622
285784
292190
294313
292442
289002
288583
291826
294557
292044
286030
281677
283085
290372
298784
301348
296099
287752
281160
279518
283012
287928
288800
283377
272807
260415
249746
244332
244056
246521
247767
243751
233803
222756
216060
215092
218158
220319
216962
208518
199218
192539
190462
194824
204922
217792
227315
227626
218949
208491
202620
203619
208299
212913
213087
207554
198990
191845
190583
198401
213037
227598
234727
231478
220435
206600
194734
188989
190195
196971
207264
218817
226074
225512
219422
213123
210367
212493
217114
218351
215469
213331
214978
217932
219755
219966
218831
219315
224112
230884
235329
235578
233113
230493
229017
227946
227370
230129
239766
256626
275804
291319
297196
292130
280238
268514
263801
269640
282183
292863
295876
290120
279692
270442
266014
265875
269491
276067
284578
292453
296926
296992
292230
284545
277525
273482
273754
277644
281333
280816
275965
270000
266049
266056
269427
272198
272182
270959
271127
275068
282375
290019
295205
299105
302970
307350
310403
310825
308565
304843
302702
302349
302851
303104
303755
305043
308329
312811
319118
327076
333902
334875
329035
318794
306747
294275
285180
280601
277998
276550
275277
272054
265794
258751
251815
246770
244939
248239
254548
257996
251577
233292
210070
192388
185895
189596
196927
199036
191752
178772
165471
154842
147259
142756
140901
141633
147085
156218
166105
173933
177256
176469
175681
177074
179113
179851
178327
175458
172312
170315
170726
172614
175376
179255
185860
195317
205429
213442
219207
222336
222870
222001
221958
223199
225163
225857
223239
217496
212221
213631
224757
242467
261582
275437
279954
275152
264559
252998
245534
245804
254777
268847
281032
284814
279517
269319
259322
254313
256498
263576
270515
273278
270504
264039
257945
257836
268351
284724
296649
296636
283627
263613
245445
236508
239786
252139
268598
284075
294402
295363
290626
287037
289375
297054
306966
314387
316544
314286
311163
308895
309592
315779
327518
340462
348181
346601
334829
317468
301079
293928
300196
316951
335883
347518
345630
329671
305095
281526
267388
265597
275152
290005
300650
299437
284908
264378
247631
242664
248889
257805
258342
245333
224091
204712
194620
195504
204202
215141
223421
226131
221662
210043
193475
180255
177497
186241
199012
207065
205016
196491
189191
189271
195545
203211
206936
205537
200584
195142
191049
188505
187211
186350
187257
190482
194744
199280
203669
205578
203542
196583
187539
180126
177843
182698
193596
205966
215913
221072
221183
219902
220547
224496
229290
231578
227801
216879
201235
189164
188459
201382
222270
240117
244700
235454
221382
214023
219658
234682
250220
257538
256004
249702
242769
238181
238657
244811
253973
262163
262881
251979
233746
218432
214216
223214
242270
262467
272874
268333
252730
236023
228939
236411
253576
270915
280568
281139
274437
265363
258523
258429
266058
277387
286550
290500
288989
283684
278589
277392
280670
286190
293014
299935
303089
297869
286478
275669
272915
280387
292755
301526
302371
294565
283463
276887
278684
287834
298369
304274
300578
288632
274797
266857
265654
267642
268573
267001
264727
263665
262806
260535
258023
259361
266069
276955
288096
293899
293001
287481
279064
269784
261388
254613
248784
244191
242498
245592
252691
259885
261793
256856
250179
248643
255757
266665
272527
267854
255390
241604
231765
228137
229599
233314
235982
237973
240003
241648
241935
240721
237789
235207
233878
234144
236468
240170
245130
249587
251797
248459
241499
234508
231131
231457
236167
242871
250176
257859
264596
267870
266572
264025
264037
266424
267599
266394
263200
260468
260489
262050
262492
263111
265016
268218
270690
269958
265176
259279
255147
254364
256252
259511
264341
271752
281395
289888
291317
283654
270450
257249
249900
251591
259505
269015
278007
286442
293576
297359
297059
293718
289002
285795
285903
289910
296018
301774
305081
307797
309901
311194
311161
309174
306067
305336
307373
308157
304025
296334
290190
289538
292956
297178
298556
295945
290901
284257
276562
266206
256550
252114
257416
271859
291152
307979
316172
314391
306345
295779
285915
279133
275288
272752
270619
267427
261946
253544
243466
237246
239515
250322
265003
277466
282061
275377
258845
239957
226751
222972
229391
241330
250336
250917
244463
235532
228600
224243
222627
223100
224806
227872
232126
235185
235528
234910
238329
248244
262998
277064
282672
278308
268387
257680
249062
242583
237479
232843
229571
228548
229525
231393
233645
236004
237992
241107
244411
244673
240949
233804
224524
215647
213553
220708
233516
244345
248122
243840
235451
228550
226565
228317
230453
229687
225204
216928
207747
201846
202389
209996
221717
233105
238968
236543
225101
210207
199144
199309
210451
226351
240657
248376
246918
239015
229298
222049
219197
220983
225066
228470
230104
230003
230948
237126
250877
268698
284997
293913
292736
282311
267452
253524
243317
237548
234433
232938
232732
234135
236591
241806
249127
255453
259201
261533
264536
270711
279779
287294
288025
281605
272862
265868
262939
262333
260376
254332
246361
240036
236995
235717
234627
233865
237441
247217
259733
265659
258550
239446
216994
202200
199746
205954
214226
219184
219391
216966
215359
219064
228813
241102
252758
260457
261958
258265
250232
240535
233004
230446
232984
238421
244456
250863
257847
265983
275612
284390
291277
294563
293887
289656
285152
284735
291254
301845
309861
309082
298368
281835
267878
262637
266913
274040
277777
276231
269062
257843
246863
239531
234512
229813
224863
220114
215962
210891
205252
200577
198661
200593
204806
208272
207012
199264
187748
175996
166607
161461
160561
162930
167321
173937
184084
196785
208427
213964
212470
207948
206363
210854
220291
230497
237720
242944
246503
248036
247236
246503
247000
252423
262930
275289
283133
283333
275902
265576
259127
262189
273986
289054
300752
303667
299298
292682
287144
282930
281214
283198
288142
293322
296805
295271
288372
278824
268912
259787
255264
258062
267047
277230
281870
277756
266522
255777
252918
260869
276044
291571
299519
295508
281493
264260
251149
247409
255279
272011
288569
295352
287719
267988
244591
228048
225609
237831
258060
276944
286111
282521
271627
261855
258620
261783
268046
274777
281753
289375
295557
297365
294145
287379
279772
274500
273651
278099
286996
296852
301166
297241
287398
278927
277145
282381
290374
295893
296390
292488
285200
276950
271453
270717
275239
284225
293176
297293
294413
282879
263849
242333
226577
221988
227453
236919
244386
245891
242609
238634
238140
243605
253370
264629
273892
279836
283674
287303
290725
292198
290691
288416
286870
283324
274924
261126
244946
234204
234305
245651
264085
281977
293981
298348
296288
290363
283694
278928
276061
273608
272269
274780
279948
282201
278496
269880
260853
256111
258340
265326
270221
269293
264739
260039
258277
261525
267709
272207
271513
265615
256369
246905
240096
237243
237460
240546
245015
248173
248974
246846
243681
241791
242789
243171
240428
234843
231578
232764
237118
238501
232106
219931
207966
201725
204034
214033
228142
241704
250453
252625
249352
244378
241173
239470
236711
230590
221301
213400
210769
215229
226373
243242
260605
269321
262994
244127
224670
217466
227675
247786
266133
275028
273386
264909
254065
242486
230113
218333
210734
208545
209590
212291
216767
223020
229201
233600
233072
228108
221563
215500
209551
205421
205298
207506
208676
209295
211113
214965
221423
230171
236870
237039
231602
226789
227927
237403
253652
270120
281169
285204
283493
277960
271940
267789
266548
266721
267361
268569
271449
277521
286733
295119
299606
299053
295206
290891
287390
285287
284295
284155
284866
285455
282859
277655
273745
276414
285164
295232
301468
299167
288041
274876
265163
260209
259838
261838
264019
264382
262317
257604
252913
252231
255903
258708
256088
249986
245537
246769
253649
259700
258776
251130
242000
236367
234298
232169
228258
223345
220395
219973
219498
216448
213737
216013
224134
234257
242421
244227
237725
227486
220821
220426
224560
229352
232551
231994
229116
226470
224352
221401
218219
216750
219952
228763
240151
248390
250272
244499
233751
223094
216332
215302
218356
222644
223775
219919
211807
203803
197847
196274
198932
204469
211089
216474
218073
215594
211461
209467
210756
213643
214452
210307
202990
194730
186462
179666
177761
180812
188268
198707
210503
220260
225879
227399
224514
219330
216638
219635
225337
230712
233686
233815
233471
234372
236556
240607
246948
255292
263675
270771
275336
275539
273437
273391
277431
283579
290131
294708
296687
295948
292791
288321
284023
282811
288176
300374
316348
329418
334086
331108
324177
318291
316398
317299
320426
325379
330210
332945
332982
330854
328856
328171
329574
329991
324927
312790
296372
281887
276891
283262
295845
308071
314400
312220
302831
288410
271039
253833
242657
241976
249336
256694
259391
255903
248861
242719
241485
245955
253537
261014
266041
265480
259128
249593
242627
242867
250387
262178
273418
281269
284090
282105
276855
270809
265837
263046
264065
269417
275494
277629
274253
266607
256234
245137
235536
228835
225877
227938
233403
238356
238424
230999
216502
200137
189204
186224
189136
194795
200222
203128
203464
202528
199992
196702
194126
194218
195265
194462
187901
174736
155921
139965
135157
144858
164638
186443
201958
206070
198275
182977
167117
158406
162113
176788
195412
208625
211375
205689
198335
194414
195975
201898
210285
217854
222235
223948
226417
231647
241839
255810
270127
280751
285519
285175
281166
277653
278281
284129
292433
302314
312488
321717
328996
333784
334700
329656
320142
311254
307253
309477
317112
324915
325367
315069
297668
281654
275896
282290
296826
311385
320481
322896
320858
315821
307582
297360
289182
285792
285673
285860
283601
277703
270123
266294
269113
276997
284951
289724
288242
282521
276504
272927
271376
271176
271998
275182
281224
288854
295008
296884
293896
288827
285265
286011
290131
294379
297326
297771
296010
292868
289375
285555
280247
272063
264064
259870
259787
262644
264535
263277
259652
256362
255225
255671
254856
252477
247664
239618
230928
225195
222384
219975
215432
210190
206670
206333
208406
210315
210594
209190
206111
201498
196056
189699
180490
168654
157395
150380
149570
154768
164102
173694
181181
187237
192604
196503
196612
192322
186737
185479
192395
204773
215279
220500
222599
224889
228931
236396
246751
256723
262309
263468
261863
261581
266730
277549
290207
299042
302941
303426
304384
307414
311671
313800
313535
311815
311007
311850
311801
308817
305358
304537
307280
310892
309597
299497
283222
267884
258688
254858
252509
250865
251269
255598
261983
266749
268377
268937
269444
270290
269565
264567
257757
254371
255794
257599
257984
257028
255135
251762
248141
244300
240834
241448
249302
262974
277762
290146
298111
301227
300783
299634
298579
297917
298908
301468
304708
309855
317005
325652
332575
334622
332144
327922
324477
322024
319063
316028
314458
316299
322067
328918
332914
332818
328859
321377
310583
296623
284684
279695
283330
290748
294887
291823
281077
265882
251537
241881
238272
240252
244567
244303
235412
218908
199554
183228
175005
176828
185359
196383
203474
202021
193406
183627
178167
177623
178546
177770
176430
174506
172080
169605
167480
166758
170357
179831
194121
208744
217946
216509
203282
184395
169824
163988
168117
180960
199161
217967
231742
236329
230333
218093
208610
208304
218117
233049
245120
249432
248412
245543
244377
247598
255258
264094
269458
269403
266462
265411
270705
281481
294610
306609
316743
324411
328276
326537
321561
316569
311521
304159
294807
287054
286474
294637
307209
316538
316995
309432
299267
292235
289733
292839
299911
308741
314539
314688
307568
294059
278028
264110
254207
248130
245213
243611
241690
242028
247560
257975
269210
275795
273140
261841
248932
239009
232707
227434
221942
216982
214166
213807
214537
215727
217168
219519
222238
226200
232472
241961
254728
267078
273548
272319
266234
260345
258246
259566
261157
262344
263660
264152
263341
261470
261244
265517
276554
291813
303727
307525
305722
302880
301763
302588
305333
308162
310939
314171
316369
314077
307084
298220
291092
288052
289000
291531
292197
289635
283802
273657
259118
243363
229537
220578
216977
217192
217437
214685
207113
194133
176641
160397
151625
152045
159159
167811
174466
176335
172054
162162
152359
147276
148905
156203
164281
167806
165241
160975
160969
167997
182098
200617
219666
235340
245627
249758
248321
244296
240808
241322
247483
257455
267211
275845
285326
297452
310896
321617
325466
320816
311669
303022
298084
298390
302582
307829
311076
310516
307661
304650
301918
298442
293149
283228
268680
253283
242820
239596
244619
258711
277175
291299
293396
281302
257311
228676
204393
191147
188008
191308
195303
196793
197406
202171
209930
215374
213269
202667
187436
173899
167001
168214
175005
181727
184606
182463
177437
172736
170555
170088
171565
176662
187123
200544
211589
216218
214459
210976
209871
210913
210587
208144
205232
204368
206525
213671
225574
240638
254973
263749
262815
254869
246174
240535
237475
236399
239109
245242
254414
265007
274743
280372
280847
277233
272281
268876
269182
272406
275186
274662
272818
273937
279391
284877
283715
274770
262045
252205
250592
258392
270379
279081
280297
274502
263738
252481
245029
242959
244403
247801
252136
255065
253007
245100
234085
225752
224702
232132
245937
261919
274217
277728
271549
259180
248410
245195
249984
256585
259537
257477
253158
249872
250421
253108
255648
259667
267698
279689
292645
303107
306145
299885
287572
278050
276023
280427
286205
288513
287310
287667
292698
301520
311360
320283
328769
337612
346239
351358
347907
334046
312666
291335
278037
277137
285043
294047
297361
292720
284515
278777
279287
284699
290534
292414
288059
277978
263483
247106
232451
222864
219491
219694
218815
213312
202161
188006
176435
176157
189937
210946
226737
228925
218347
201592
188183
183653
187847
195891
205601
212149
211729
202030
188520
180115
184787
203015
226125
242966
248135
245349
241270
241495
247536
258161
269276
277276
280789
280011
275310
268867
264321
264822
271139
283289
297308
308128
312158
311487
310354
310403
309607
304433
294600
283225
274446
269237
267020
266454
266542
266878
268251
272034
278948
287025
292867
294334
291267
285103
277385
270822
266046
262423
259364
258051
259653
263336
264662
261564
255590
249054
243588
241394
241412
240208
238349
239956
245724
252012
253245
247862
239271
233818
236424
244729
252746
255092
251735
244906
237867
231303
226014
223973
227075
234649
243841
250820
254658
257294
261356
265996
268923
269593
267713
263278
257534
251695
246329
243408
244103
249029
257531
267632
277316
284714
288394
287135
280412
269362
259648
255600
259130
268535
279360
286594
287461
281244
269775
256863
245416
235893
227257
218960
213491
213154
220086
233910
249863
261999
265548
258583
241868
218574
195135
177606
169323
169129
173225
176707
177515
178742
182702
189223
196927
205930
213563
216853
215690
211470
207411
207522
215294
228624
242488
251284
253352
250565
247490
246378
247393
249490
253944
263691
281029
301886
317877
323727
319830
311898
305093
303096
303753
304439
301014
292471
279344
268093
265563
272673
286064
301259
313010
319021
319331
314064
305766
300757
302288
306568
306883
299857
287403
275748
271340
274143
280620
287561
292173
292538
289769
287375
286904
289077
292378
293505
290127
285167
282493
284330
289741
295262
297410
297210
295867
294234
292363
290365
289662
292604
299403
304981
303967
295220
282675
272685
271413
277753
283131
280094
269503
254848
241983
234141
232160
234534
240997
250569
259220
261656
257867
251055
244600
240945
240334
240938
241819
243558
245693
245521
241432
234826
227502
223329
226715
237218
250757
262275
267672
266293
259966
252022
246099
243938
246215
252145
260063
268863
275928
276961
272107
266347
265474
272578
284000
291758
290861
281418
268554
258425
255805
260514
268590
276615
282509
285054
282073
272625
257036
239272
224163
215608
216871
229165
247524
263500
270125
265911
255407
245364
240279
238322
235088
230044
225750
223842
223314
222882
223136
227383
237829
249550
255917
254089
246618
239354
237930
243282
250885
257132
260504
261589
261132
261063
262064
264079
263923
261416
258183
257485
261382
270162
280973
291720
301010
307136
307978
302153
291988
281261
272855
266981
262917
259857
257626
257755
260900
265009
267271
266160
262618
259354
258631
259742
260151
257430
251220
241965
229965
216621
203635
194662
192053
197634
208240
218998
225885
227515
223734
215793
205452
195768
189826
188564
190669
192733
194062
195676
196656
194801
189019
180577
174507
174978
180763
185370
183852
178092
173965
176446
186983
200867
210274
209780
198853
181703
165275
156343
158125
167853
179653
189404
194724
198069
201994
207919
214905
222151
229439
236797
242819
244936
243418
242875
247918
258768
270536
277173
273297
258810
241320
231027
234219
249217
268372
280363
279314
267850
254817
247577
247706
251142
252113
249306
244923
240399
235667
231014
227435
227361
231245
237250
240367
237100
226615
213297
204749
205858
212755
218384
218430
213585
209188
209869
215977
223285
227118
226790
224323
224946
233330
248969
265398
276196
278367
273636
268835
267518
268943
270936
274139
279579
285606
289041
288333
285366
285164
291489
302979
314588
321306
320982
313982
303212
292919
289147
294396
305356
315098
319233
317147
310103
302658
296564
293223
293321
298967
308443
318306
324239
323631
316066
306172
299641
298072
300246
303968
304858
300267
291546
280917
269787
261529
260448
266598
277723
288531
292180
283488
265520
244921
229136
223256
229040
241260
252396
257365
254655
246378
236325
227612
221240
216655
212453
207750
202018
194737
186227
179758
179807
187845
202804
220400
235384
243262
244697
240499
233932
228437
226361
226476
227427
228248
226962
221984
216653
214971
218123
225218
234657
244070
253070
263433
274498
283002
286731
285158
281237
280099
284145
290397
293969
293551
290132
287567
288854
294075
298840
299869
297547
294200
291970
292917
297297
303996
310701
316245
318842
315975
306116
292928
282875
280393
286012
295888
305457
310776
311249
308747
306437
307308
313911
324353
331465
328464
313364
292052
273080
263569
263645
268770
272846
273951
273277
272669
273215
272967
269409
262492
254028
245499
236229
227649
224335
230248
244174
259285
268442
269440
264793
258787
256105
258221
261318
263158
266048
271878
278948
284340
288152
290814
291997
291897
290404
287380
282513
277083
271400
267498
267715
272507
280962
291408
301440
309508
314430
313540
305413
293349
281627
273492
270208
271623
273580
271326
264341
252753
239590
229300
227562
232313
237662
237306
227160
207238
183071
161867
148481
145323
151350
161626
169501
170425
162249
146613
129809
119503
119040
126990
136198
140776
139122
134151
128234
122298
118245
118233
123008
131020
138576
141719
140631
139676
141844
146456
152042
160386
172678
186756
199072
207625
212985
218164
226990
241987
259817
276182
288892
297086
298022
289904
277282
268251
267780
275995
289612
304269
314827
320174
321069
318464
312782
305557
299730
296408
294453
293235
293268
295526
299953
304776
306713
304694
300773
297480
294167
288230
277742
263040
248228
236396
228460
224873
226484
232978
242584
251231
253426
247735
237415
226821
217364
209173
203111
201242
204112
212077
222304
231738
240596
249423
257027
263737
268194
268487
263953
258721
256412
256785
258537
259033
259530
264365
276438
292523
305534
309927
303987
292736
283967
281331
283394
287363
290329
291255
291597
294225
296901
295817
291678
287781
286582
287302
284511
272817
252717
232366
219507
217252
222767
229426
232265
230228
224780
218149
213299
210089
207652
203901
196619
185423
174981
167630
164069
164203
170752
183479
197670
205656
203910
194233
183023
175288
171679
169924
167346
166169
170413
180722
194578
209384
223020
235125
245546
253845
258086
257419
254635
252907
253313
255851
260383
266533
274718
283392
291407
298725
306564
313391
317361
315334
307589
298315
295373
300858
310535
318990
322797
322193
320412
319822
318323
313940
307381
300898
296732
295935
296296
294637
290627
286361
283458
282522
283670
285428
285749
284030
280588
278239
277965
277984
275464
271546
269187
269413
271592
273457
270543
258848
243339
231542
227099
227554
230101
233760
238927
246664
255558
260370
258943
253024
246849
244265
246255
251015
256725
262096
266007
267766
266583
263080
258388
254729
254035
256550
261706
269267
276658
281056
283674
286346
289366
291331
290034
282212
269263
255968
249968
252336
259778
266855
269674
268389
266052
265495
268416
272537
273917
270180
259771
245797
234499
231704
238998
250522
258436
257516
246585
229670
213876
204104
201222
204538
210542
214378
212836
207041
200053
194628
192869
195483
200303
203609
202200
196868
190573
186654
187381
192820
200281
205422
205676
201218
195568
192132
192828
195988
197456
196487
195304
198209
207413
222395
237330
247329
249270
246235
242619
243134
251233
266723
283915
296264
299855
296848
291156
283824
276899
273178
273839
277888
282787
286242
287884
289407
294436
304368
317641
330958
340093
339495
327887
310234
294960
289761
297160
313878
331798
344154
349354
349785
346742
340395
332966
328476
329745
337745
347844
353662
352258
346941
342081
338460
335593
332618
328865
323302
316927
309683
302062
295254
291250
290332
291948
294633
297461
298052
295754
290670
284653
279298
275206
271472
269925
272864
276838
274379
261692
243128
226970
223247
234615
253856
268413
270517
260331
243480
227598
220485
224145
236540
252111
264244
268341
266032
263143
264787
271930
281159
287709
286834
277746
264081
252436
247573
250453
259759
270941
277716
274844
261224
240329
220370
208778
206476
208009
208937
208499
207964
207032
204364
199112
192476
188399
189299
192783
196420
197724
195037
188050
177333
166740
162017
167535
180991
194035
197754
188403
170996
157933
161037
182953
215285
244228
257279
250193
229541
209030
200515
208186
228623
252689
272045
279258
271652
253174
235541
230102
241101
262529
283103
293362
291009
280731
270455
264407
263955
267524
272545
276071
274891
268267
256494
242997
232035
229023
234116
245826
259622
269789
271033
261420
243697
223404
206713
199312
202837
215150
231154
244231
250235
249020
242721
235869
235531
243777
256859
266360
266202
255188
238726
225898
224534
236846
258031
281844
302683
316626
320296
312025
295209
278425
271560
281443
306666
335525
354860
358811
348519
330852
314847
305471
302087
303400
309895
318614
324377
323933
317064
306616
296981
293596
297824
303242
303542
295466
280113
262461
248693
240870
237083
235602
236861
242087
250238
257537
259009
252986
242632
233041
227233
226275
229797
235434
237909
234253
224548
211651
200217
196273
201792
214053
227901
237093
236761
226309
210247
195679
188847
191945
203716
217034
224141
220946
208098
191219
179016
176197
182426
193354
204845
213263
215940
211881
202961
194470
190907
195150
205695
217828
225866
226752
221777
212952
204937
201082
202111
206472
212862
219019
223301
225732
226038
224890
224241
228426
239071
251150
258098
254201
239826
222162
210451
208126
216018
230612
244937
253599
254327
247305
236189
228036
227411
235561
249384
263957
272272
271612
262893
251346
243003
244874
257176
274176
287593
291963
286203
277101
272874
277694
291205
308881
323748
330842
329069
320205
307454
295489
290057
293254
303105
312916
314636
303508
282859
261651
247261
243538
249166
262101
278578
293309
298860
292026
276792
261468
252432
251284
255429
261169
265679
268262
268563
266468
263312
261866
263267
266598
271857
276844
278860
276851
273030
269716
268646
270897
277088
283877
286802
283546
274969
264210
254987
251314
255724
268332
284657
299681
308750
310108
306206
300482
294309
288073
282035
277522
274503
272119
269105
264551
257716
248385
238740
232425
229602
227140
224167
223305
224888
226335
225416
220365
210939
200579
195718
197052
200320
202617
202500
200323
198859
200602
