171097
231554
444574
524160
522249
195804
4669
4556
4506
34437
247897
378766
277001
76659
13377
122895
264988
246263
105880
47054
149894
249521
203082
104896
77912
113266
123158
84306
80097
164077
242353
205333
123961
146892
249476
286505
212324
150447
199391
307511
374460
347273
209219
6671
4599
17699
173476
314225
292263
194572
155834
211561
297800
296469
206827
134088
109736
68662
8912
25750
151796
304398
390074
379869
270582
112048
14520
35298
110905
161009
155186
127769
160311
290593
421903
424145
257484
15754
4602
4569
6080
48851
198638
353916
397756
329331
241256
181196
158250
152090
128577
112326
146589
223022
253920
179169
72958
31570
47140
63484
62173
91473
217161
369952
429440
385857
307253
254097
245877
263142
253300
142464
4974
6413
99609
329661
426412
243837
4707
4635
12076
70070
143692
225652
276911
249469
225543
309605
415489
370567
151237
4674
8482
101500
207188
173594
66854
17418
69145
198478
293864
224932
8497
4538
12536
169899
386557
516971
505332
335260
93682
4948
10982
71605
143961
193610
269908
388981
467395
429451
296413
142563
35582
20327
100557
264755
379234
324675
162797
35132
11905
13995
7647
9970
71295
232688
378304
390139
225776
15330
11288
152428
396203
524029
523999
408794
251882
129290
21094
4693
4750
24489
177403
369571
457896
349891
115126
5762
75884
295523
394078
242042
32848
9026
23235
15343
12280
16504
16616
85825
261472
345906
209812
14842
8700
89220
240465
335538
344933
305639
251647
165448
61945
8419
10682
41801
136661
247345
302825
266088
187189
161353
192426
177604
88684
15021
54365
215648
395527
455693
372935
274523
210933
118098
10379
5015
5812
27286
152902
300306
355924
324916
305963
314372
236534
14653
4542
5034
146658
410946
473471
394765
329742
293764
248064
204947
154458
86740
76278
149792
201531
154856
101066
170365
334929
404304
222833
4604
4545
36023
196398
303953
276255
131978
16156
32548
130777
239715
315389
337549
310673
305518
360395
391374
332066
218315
136460
110102
91646
101720
194806
278458
216134
55896
9668
84063
213807
238505
135396
42073
52111
124172
183888
210418
189189
166262
257786
398778
364008
96482
4555
4580
23963
210057
373435
379935
331094
278141
159797
7556
4994
9280
52557
146433
233001
282146
282969
224191
128066
63743
104657
237461
344699
317631
168733
14259
7681
52015
133612
190566
263109
339565
341060
251218
181320
169658
83062
4661
4741
35012
193308
324573
344141
281442
212378
198855
248845
329875
382933
300631
43491
4564
4601
38638
222822
436270
523195
429806
215845
97574
117528
177729
208057
209053
222603
261727
301260
289371
196805
34646
4640
4972
48501
175515
261150
317060
291508
158320
78785
156663
298066
385319
357294
256255
185992
191248
193386
84979
4614
5357
56080
214636
302408
261439
192039
190177
245962
309079
348467
281625
53113
4544
4543
9261
115735
228184
263812
305579
387727
443822
424111
309988
132331
29281
93093
197900
168911
61303
42827
142348
218282
168579
70577
56571
164885
293872
315227
233784
138907
102126
156347
276704
379742
386950
286429
140823
45484
40721
118389
247360
324108
245471
52677
4810
6459
20310
66337
123386
168490
192106
205760
209048
155360
57164
20002
88336
218668
309533
295822
185163
80437
102451
281308
477374
503916
379860
250288
176345
131161
96353
60098
12899
7719
27711
119484
240058
317178
327839
278143
179800
62349
13826
44238
71823
53850
79706
201846
329414
359053
298070
232290
221902
241139
208892
105196
7265
9217
77189
239102
337901
227183
8105
5877
106136
342285
458980
359932
163087
34165
25636
71808
102107
65388
5825
14551
164538
376543
377760
181918
42501
87104
217446
277048
201105
82702
70856
140115
167866
150831
169729
234926
281761
239665
83899
4582
5505
72250
207268
243557
231380
272258
333406
328336
288214
309667
343376
236283
9594
4608
33206
185658
249518
181382
113215
132620
245113
428004
524160
523460
231328
4725
4492
4560
15386
112680
225660
370091
524123
524160
450575
150044
4697
36902
342692
524160
524160
524160
18185
4585
4481
57483
274359
345477
258109
122616
15486
22476
133936
266230
331987
327966
266720
169100
83494
73359
173348
286633
279571
136701
20743
78812
226684
299027
280000
222531
148248
111104
164233
251341
242088
103462
4724
5072
23586
133605
262774
361947
404048
356495
247417
158241
127364
102461
44167
25540
110325
270882
406605
441553
383959
304178
233495
158390
85789
10159
4584
4544
4749
73120
289304
414212
382332
260008
117369
45509
90672
159892
119002
4800
5586
106959
380885
497612
283261
4705
4692
101618
438884
524160
524160
166530
4584
4599
55410
237062
362364
440071
514966
519275
323568
5169
4569
42308
279987
404932
280801
70462
9098
69974
197539
302283
309753
201295
65985
7437
30131
149328
296320
418609
498088
458734
287325
89763
5020
5118
5397
7385
24909
74252
147997
271700
397628
398886
281171
223203
304433
375448
242119
4695
4570
11855
141107
258777
228271
123805
109033
218051
331667
347560
263397
181119
169324
115527
4589
4492
16220
210288
392098
346175
162958
64249
151391
338834
447019
386970
256341
193720
242469
338860
349382
227062
54236
4651
4544
4789
6919
27785
125184
249847
292990
258066
247176
290125
294992
206900
103863
84060
105332
74814
17449
23622
107241
209491
235390
197704
214512
337621
479880
502015
322969
9094
4543
4579
32482
241861
430502
464053
345021
154666
40498
100507
276569
416805
415661
290488
122771
6735
14372
132958
326196
410864
319682
171939
108167
142600
193149
203452
199342
199467
163029
61424
5941
42095
204267
345896
352303
265214
189182
180386
263564
364631
295627
9383
4605
4501
47705
364045
524160
524160
435677
148563
5085
13907
118056
245298
261009
186462
113907
86363
94279
97166
107625
174799
256219
217060
10380
4584
4503
10458
174412
410056
521412
478631
317733
121645
5004
10805
161213
450177
524160
524160
284433
4889
4540
4501
10404
165403
394903
491723
383549
181051
60474
80602
190792
283793
247262
90026
7916
112977
412563
524160
507825
97280
4615
4516
6534
76609
212304
335979
390943
401953
432377
414471
256136
31239
4699
5187
16502
69990
143993
207909
260867
323456
376496
392440
353274
246966
120701
68836
126630
240473
308874
292424
222400
103896
4661
4555
4971
27978
123509
249553
411245
522652
522013
441964
321701
184549
22163
5548
34374
134028
155377
72084
12739
62382
242713
481647
524160
524160
323754
32681
4593
5311
22603
109851
193836
200667
133419
80262
113132
199592
253354
232936
169674
121928
117209
164721
236536
257862
198179
141674
171896
242208
226565
67701
4551
4472
21035
237765
453147
488502
419118
338819
247181
146810
78828
41284
21255
34105
38195
9287
41412
229282
434959
410008
153114
4788
26033
197505
342811
292923
120569
37701
154240
379709
522480
483397
228142
4646
6012
116998
334165
448399
451966
376766
209178
6377
4621
8092
88045
169033
151492
127297
150671
168984
202970
312710
421398
431128
367280
251419
50864
4598
4557
14674
246451
524160
524160
347721
4711
4601
4717
127936
445790
524160
504030
97819
4616
4506
101620
460542
524160
448338
4979
4610
4817
170142
481834
524160
524160
413450
157510
10084
31172
129813
180689
144804
108132
128925
187856
246790
265654
201239
94584
69646
167257
304513
415465
467652
440156
365304
276648
136059
4640
4670
4472
4746
118212
392045
523426
471415
249813
35044
5042
19092
165691
397276
524160
494662
216901
4591
4546
7694
100814
271393
376998
310940
82338
4971
105239
462908
524160
524160
506332
240308
4695
4578
4587
8500
133468
235027
178136
106617
167110
327122
439772
438698
371025
239126
28994
5194
109664
396300
512545
342190
94099
8640
62255
192683
292756
303820
239190
152803
111024
171228
304083
382161
327803
186521
42694
5313
7593
39923
112926
146148
170814
284254
439047
438190
171367
4672
4490
8569
178190
427964
520527
369909
25259
4514
48017
279398
410282
362222
265037
210537
153804
41396
4729
4734
6454
67277
262016
458716
498697
330435
105084
46808
200923
386660
420267
303442
165679
104858
92627
69704
30479
6036
5947
18001
124943
313713
480101
523770
471305
313709
102159
4793
5047
20616
140934
252709
220890
132540
157688
286501
322234
161341
5676
28436
213034
414767
461776
292923
29405
4833
41817
240706
411013
401415
212302
4957
4530
5397
16046
70619
153686
215450
249254
307537
389607
440781
401141
293719
226374
220807
172529
46912
5229
9509
26286
34672
90123
210034
278603
266342
311218
456272
524160
518632
351163
125430
4683
6039
66662
166667
129533
9029
13303
129026
295884
337623
250342
186444
207921
253504
254423
178487
63458
40095
212722
457220
484476
167562
4640
4613
4426
92329
434680
524160
524160
430274
255728
203428
260029
260033
47165
4554
4559
32062
219978
369082
394307
292696
138179
88437
222483
423805
495582
368962
147495
6956
11511
44454
48706
6575
5104
15332
149675
351989
440024
350970
208183
172403
231413
275436
277136
221733
76082
4588
5069
119884
459565
524160
524160
524160
358971
91671
4598
6498
54768
66418
4636
4606
4526
20606
213068
485370
524160
524160
411398
101811
4636
5055
76119
303779
499443
471639
145078
4697
4529
4807
95439
324605
467956
433404
248208
76448
107176
343072
524160
510347
208733
4634
5102
60372
222114
320244
276937
151230
91991
157756
257568
307736
347034
427181
501831
467537
266308
4838
4578
4519
4478
33584
194928
277299
174943
38047
83668
347297
524160
524160
524160
215713
5425
17831
121253
176185
85389
4672
5578
78769
281134
407671
407389
364128
332552
252050
88574
4660
4513
8801
181464
444503
509887
338760
95183
5051
10770
101909
279358
401093
394534
311816
208244
128473
122113
139176
100156
40143
31437
86518
194421
333210
414931
307852
16787
4490
5011
150481
485397
524160
518823
254910
81248
87011
184594
252409
244120
232519
253836
219353
95514
8664
28400
66939
72367
140989
271256
333125
312482
248208
132484
22525
39382
186136
358093
413941
270024
7165
4522
26994
244165
437276
430569
266924
86633
6863
8736
18273
65671
176185
292855
320213
243462
149186
93694
57181
35396
23178
15835
53354
160993
219151
152914
51001
50731
192981
393143
508278
445151
230944
70418
78286
173252
218684
142295
8235
4690
5697
41969
210699
422759
514610
385748
158560
17332
6499
20935
153284
357607
463672
423659
268669
70327
8557
68551
191594
206131
61630
4628
4483
28705
260652
516075
524160
524160
339708
80895
4936
6556
19458
62720
152391
300466
408752
337750
102056
4593
4587
8966
125269
353783
524122
524160
524160
466814
249857
92266
42590
40858
18250
4701
4672
13248
216388
524160
524160
524160
518272
284752
77476
4524
4535
9696
174504
400358
447857
295573
105457
29275
92820
207511
283831
283441
178762
8406
4829
42601
232539
373510
311642
109370
6867
46740
165370
249764
265081
201346
63641
5076
11362
112223
258785
309957
285519
291159
364280
372043
216914
22263
4687
4583
4851
12971
149881
440439
524160
524160
338067
21811
5106
54624
223015
279116
105301
4597
4476
43831
396086
524160
524160
449065
113998
7216
71158
202701
212087
50929
4632
9668
123594
296938
373085
323676
210150
135383
187562
341656
413059
258521
6058
4629
11538
106796
192644
176488
68191
5267
14201
143391
374430
510142
416849
175182
21099
43389
131793
205432
245360
211257
59912
4565
4682
26000
162147
282658
327510
346667
342822
262310
127417
66902
139654
255008
319486
306879
255115
230452
225468
174415
77585
5007
4638
5032
53278
256625
499950
524160
524160
395964
39934
4659
9699
27387
7167
4685
4521
5739
91212
381875
524160
524160
524160
341930
83264
4811
5071
20895
146122
261509
263950
205220
199891
257306
261968
172489
70022
31062
44326
38132
8889
6117
13725
118405
345638
523893
523701
308939
11338
7295
173146
493280
524160
508760
147670
4566
4481
28102
294827
524143
521623
287386
57783
11107
73700
185049
262210
202503
7579
5161
122373
426491
524160
507125
395884
326609
260224
180449
91628
7127
4672
6465
120197
364992
437928
243713
5123
4693
23822
131123
211834
211899
130633
14818
6922
85450
296678
438237
413615
272466
100060
5872
14961
88994
167816
167136
68322
5330
41087
258406
467887
450189
224163
14080
10317
88839
172500
126493
8366
6513
120981
448590
524160
524160
419736
56852
4594
4577
7213
77602
211355
314400
350370
297157
185887
103392
87778
116799
184271
257842
310979
334833
274170
137620
22491
7820
36265
155738
276475
293317
214752
168603
245657
349907
351210
226053
53327
5395
12831
65338
145487
205271
198299
141752
102409
86253
61713
67746
139794
210853
198658
139531
141239
224964
280562
196735
22683
7989
132003
368437
458254
346566
179604
125154
182827
247825
311757
387428
406022
302124
128879
8841
10063
67458
172946
250579
286256
258232
150813
55672
63322
149904
219180
223529
203728
226012
301759
346333
270325
121019
9035
5841
40025
244737
494576
524160
362966
8847
4539
14016
162074
227924
102666
4590
6724
116344
383030
524137
421022
23181
4619
4457
125826
511645
524160
524160
131564
4639
4571
34886
387578
524160
524160
465030
43438
4597
4956
121508
325975
316183
123843
5889
27767
147911
280338
339883
336792
312388
272100
223400
212061
257109
337777
413592
406713
296830
131300
25824
98919
250603
264127
113216
7055
66134
237039
311609
235193
130343
91620
96253
81398
43088
31886
71077
122121
106795
19109
8039
60922
183525
230213
160924
92682
153666
324763
425337
296366
29341
4561
5247
48374
192179
288721
264986
175007
121349
148053
225364
279629
240256
146205
88950
130962
251582
333025
302849
238690
225274
229530
197818
164066
203330
300161
380767
372579
219841
9665
4709
10699
110711
280641
415265
435488
279646
11161
4598
5623
150923
444960
524160
388431
75459
4706
41420
266254
480380
494422
277674
4746
4561
7225
174414
409011
373283
61486
4607
4509
36698
179870
198212
66136
5490
42154
244848
440311
424366
230903
79712
133138
335878
518858
524032
368616
151649
83738
170984
263490
245763
127986
8770
5482
23643
196881
491850
524160
524160
375092
104437
4634
5652
47415
136740
177358
222500
328441
429473
379391
190181
66302
143125
304356
325118
123558
4609
4483
5616
113619
371800
520176
426073
195113
45067
19062
22157
22256
57561
118316
120401
66732
69494
156040
246287
277388
242027
203474
221025
282434
312860
242375
98679
4878
4865
40439
265488
448768
382836
194106
83270
68731
62074
34164
40958
95014
116844
135953
271579
469647
524160
492060
334714
172500
35218
7988
69598
220726
257349
107940
5225
29551
174293
311126
377985
371182
268039
110644
28548
105917
256102
312941
211113
36650
4798
4952
9235
89568
213929
216764
123460
94643
195102
305161
298862
200634
104059
50556
45256
65979
118379
197504
229754
193002
143447
109282
53459
7633
30873
133864
239654
326923
416418
451789
337995
128084
43123
211457
467236
523613
330791
15404
4591
7868
93826
267170
419620
469273
445502
418672
389510
313143
188264
55155
4611
4625
4460
5244
120169
399085
524160
524160
431852
292908
258526
303484
343628
287937
131745
5118
5299
41402
196769
289173
194476
4980
4624
4918
43296
142144
138359
24779
5118
47540
277331
465446
411423
164362
4657
5438
97427
328098
448399
343369
141545
60850
186794
401193
487160
346806
136568
46105
92846
209003
302721
289028
171869
35710
5923
37462
206099
372528
363293
194831
29406
14041
99270
246957
382798
406572
235161
4629
4601
4685
67660
272578
484005
524160
524160
265164
6011
7460
100609
217989
139319
4648
4596
34906
225794
423706
489443
374069
142473
4780
6778
33344
83163
129651
187657
240183
270414
282747
311885
359959
376688
350969
306196
217869
65587
4932
9583
69312
156553
177721
137235
137876
242674
341971
348588
345199
369802
326508
177034
8135
4844
11500
122600
341039
519959
518820
301737
41965
5080
11100
45870
120863
215327
221532
114379
18075
29858
140735
270043
323730
307579
277369
241667
203627
192530
171006
80360
22327
105748
247503
243478
62145
4820
32483
214773
382764
422531
332987
158919
11535
20200
185288
411931
445875
224091
4606
4552
9996
86298
191557
280390
308518
228678
110928
83133
198889
364538
419555
318399
131143
4747
4729
26701
126531
137550
87676
160543
314339
352903
286485
283627
342089
323249
239276
185923
170361
145795
66377
4768
6432
71865
212958
299805
310152
255731
219858
311914
460842
468521
311428
136247
22962
4678
4655
5800
97716
314539
397567
235324
5020
5153
88824
360938
524160
523050
286686
4833
4533
4554
16724
160474
280082
268066
177575
142725
224789
366191
454247
389141
184464
6835
7916
72103
221061
353196
395556
327369
200530
99018
54362
28566
41570
172855
387568
512777
403597
120727
4580
16443
203973
398320
366815
137584
4916
44596
288012
524074
524160
421644
189181
8290
4667
7213
91311
240435
305863
231752
43153
4670
5121
26101
162678
366589
518169
524030
337825
6490
4614
4471
45494
309332
499513
427054
168836
4746
12761
170195
394481
471695
349892
165678
67200
92225
200122
316396
329094
207872
91312
73194
78828
76107
132025
256307
368762
382618
283187
156688
138658
230580
266939
175726
68460
20566
10079
7320
15947
87669
181198
206994
157202
85399
67351
96341
137640
238001
376655
455905
425076
268516
9008
4488
8648
154634
291580
213409
23411
5896
60033
204525
294284
315925
333682
343321
272066
148731
64519
18954
10147
40698
154901
251252
210954
89358
46581
132551
280191
408128
456235
383595
209297
20034
5765
92546
366156
523941
463217
268975
130797
65074
25529
9152
12362
66114
231166
424016
496111
414147
277853
166989
82213
18532
9206
36850
131706
216824
234297
180460
63578
4810
6426
66000
231654
368929
388874
290765
177013
172961
312312
472826
498799
362861
115957
4611
4502
5247
39227
134675
214204
295534
369476
340877
180503
5948
9973
166454
425823
471761
218440
4579
4559
12423
122084
274209
351717
352435
361886
417563
445950
329370
52087
4613
4497
27194
272048
522114
524160
500484
276936
50583
4610
4733
10869
62768
144449
241771
353113
422444
365078
176074
5073
6066
80667
274122
371397
270328
82088
13609
115301
272087
283899
132086
8494
15146
41997
28301
6812
23762
167343
369382
419715
262255
99950
128607
332363
522050
517761
310684
87590
5176
5708
13864
56621
101095
101169
120472
230082
390110
523898
524160
524160
342346
57859
4549
4513
6964
96203
205297
182577
114558
152349
290313
407841
430712
372338
248865
84472
4766
6696
124937
397506
517798
320732
4816
4495
4575
44006
201965
304785
342211
376626
371085
262064
98228
7724
44746
194012
295353
232003
108690
105815
259891
439343
476125
313401
79169
7098
48621
99056
35268
7192
54141
174845
255927
291874
311185
270331
161639
76863
113933
279349
440407
432105
225465
4891
4657
15161
191759
462906
524160
502036
277549
68919
5072
5192
5230
5834
40403
236842
460966
502687
302590
9678
4523
35969
248785
392267
308306
105624
8261
49447
171231
282621
319679
281405
202929
123372
75345
84811
100954
29176
4930
25302
246473
524123
524160
523898
168033
4603
6095
90645
197031
184011
140557
194047
313714
360538
276158
114099
5907
13062
94038
232364
350035
375179
266949
70378
4660
5547
50155
223844
378420
373951
244025
117233
26120
5623
17054
132826
265009
257858
124272
7232
10723
80922
227823
343359
339409
240158
173647
194692
241316
233944
159083
121062
220353
388214
451373
309550
51353
4731
25093
188396
365876
440049
378416
220202
47748
4609
4623
4547
23200
200756
373198
387784
277233
148251
112206
223946
402140
459302
279431
4719
4510
4464
47564
314687
524160
524160
428884
186059
41488
87539
226750
239466
96066
8746
74820
268752
415921
370215
181420
5788
4581
5080
49860
281101
524026
524160
457141
195270
16198
8195
10359
4773
4555
5537
59793
246331
437951
510334
447798
329604
273347
322722
395876
358610
169609
4662
4657
14547
99147
210369
293730
260740
109717
11912
76088
250971
363318
290353
87227
4682
7355
126730
332362
392997
287631
138307
46635
5600
4723
9538
129823
347726
502629
519732
418539
277896
206042
231942
298464
307507
193152
32854
9338
74868
194780
272202
325122
379074
363160
213429
10534
4773
11482
64866
60262
8269
54957
268684
486068
515691
381275
211839
102749
16484
5868
48257
220157
346878
338569
232682
87177
4816
4686
7605
46664
95656
150003
337755
524160
524160
368716
4818
4521
53629
308564
414727
256219
42004
7374
58008
213835
391992
465716
341103
66921
4639
4496
8791
125385
258079
311527
314118
246100
108507
26952
63393
94201
55533
56821
154324
266680
301659
268303
238262
238265
259850
259330
172352
42978
9035
60414
174536
204498
156430
200876
353121
408086
261089
90080
86704
185947
221509
196480
259498
394398
386523
181505
5285
7751
54656
143986
195387
191290
127820
29746
11996
108738
281566
347646
272781
144697
34482
19496
110547
221225
238498
203885
198835
228223
281639
330259
302871
190249
53886
5809
18945
150971
354250
442435
354010
219211
177993
199598
180742
104443
38800
36301
83838
186562
324578
368789
214996
5602
8489
164463
455092
524160
524160
400849
4793
4668
4474
97512
464243
524160
472395
288623
194949
158552
131362
93452
65652
117392
235591
289679
195852
19411
5380
42883
172130
241501
212491
122834
7225
4757
19439
207184
435851
493890
351458
106487
5321
57996
280783
493852
522066
292632
4692
4567
9782
199338
392120
415814
370615
352747
290913
133369
17617
38975
83671
21110
5074
33910
241480
494633
524160
523566
341311
91821
4755
12039
105803
157426
100986
69585
84479
82993
160187
384272
524160
509715
259566
6918
4548
5300
38417
167149
277709
307729
331399
410324
391374
107437
4633
4455
41318
236838
382714
372214
221180
59740
20499
101173
219768
260644
180556
83489
76315
150341
273329
439548
522707
438969
137762
4595
8080
155969
346323
297415
58798
4672
26981
175655
250984
138684
5646
11087
103039
272137
425079
465382
310686
59850
5278
61185
253742
375969
326110
194464
144130
220106
350564
418574
332511
110816
4647
6950
133299
391575
521771
371650
6361
4527
4497
116055
437220
524160
524160
340674
156859
97903
138440
172282
85500
4703
4728
7300
17191
66924
158963
232368
284900
393865
524160
524160
446634
129316
4606
6073
68794
204891
284039
297611
257200
198094
198089
211890
145968
83334
104963
147358
149559
135246
168266
203905
133085
9866
12486
138362
358491
449329
319494
109243
5034
7183
91388
313557
506504
521565
357990
113634
5294
12528
100760
264786
401661
435062
310059
70669
8123
171210
485445
524160
455114
52840
4616
4526
4581
50724
219841
316922
328367
325116
330447
307090
233499
153362
87936
10133
4716
7160
82668
221056
250749
168505
129176
226357
364793
404196
287317
83499
5947
55879
238113
374305
292403
27517
4731
54599
257733
389534
346802
182077
37744
31332
180631
415096
524160
453781
195879
5114
5070
8374
25627
125291
297487
369045
248973
89537
63991
136632
169595
148497
149524
160518
105971
5625
4956
29349
222909
487578
524160
523942
184484
4656
4553
19223
388337
524160
524160
352206
100738
41453
110578
136988
35451
5281
31670
176151
330619
390913
310023
157904
80887
109278
141162
127469
128496
163578
184074
194184
202037
193431
197620
244964
318835
356537
243776
9064
5022
60632
214551
282223
268988
212043
123745
93318
200000
362767
423628
319173
192562
236193
388412
394874
145319
4662
4474
10565
226590
524140
524160
430656
49378
4575
64192
314125
408800
250703
33828
7860
93117
283064
401225
337657
141693
8082
42979
178174
238724
130490
5511
11551
102293
253286
351324
342149
205373
8086
6874
138430
382642
458277
321015
121517
16488
16546
40533
122174
245874
288847
211077
139299
189301
269534
182916
4673
4591
8675
259083
524160
524160
524160
350508
14236
6986
119106
260936
222180
61697
7534
94867
323580
519110
522838
244299
4704
4554
4757
178492
439932
436366
235091
45490
8779
59223
198274
293182
199570
4748
4654
115571
504558
524160
524160
260395
4612
4618
4617
20385
84074
170507
341300
517552
503085
261018
12262
12029
172799
445396
524160
524160
466973
199687
4646
4504
8818
158717
319463
264926
133118
153761
314216
422517
376087
241676
109565
24443
17851
25946
8412
6344
17440
120444
311163
447246
407751
222276
8333
4560
10747
178182
426176
491466
314219
84031
11956
99673
283395
410805
363927
132850
4612
4801
124925
413523
483879
244378
4599
4867
89772
307454
377394
248219
66346
12674
117935
292681
353398
261344
108186
17034
51250
192372
340850
363221
239744
81923
50274
200113
382581
417711
262392
23044
5350
94837
340749
441019
259936
5004
4725
64799
328914
521969
470130
208614
4736
4697
7241
33461
73495
88210
124326
240405
374008
410197
325234
158193
7905
4832
5855
34567
167280
316345
405654
396178
300581
180483
97227
68370
92208
167299
282731
375328
325289
122799
4665
10758
149367
347791
370952
213466
41664
9165
68023
219535
380843
458408
337432
38888
4505
8373
190812
398237
373000
198783
36123
11675
133553
376310
512174
418386
203780
67242
66363
126431
149163
109023
48250
17198
55795
195068
363315
396790
189528
4587
4508
32072
310694
524160
524160
311476
47966
5394
33187
151458
253282
252209
130378
23251
93546
270066
344608
275844
194467
162142
119219
56029
54909
165037
315134
381943
344953
310299
293135
190114
14687
4974
52538
254693
394673
342955
179177
102544
212441
363524
368412
178349
4570
4493
9794
181147
406597
431781
247648
36768
14602
160994
372090
399057
196317
4681
4805
25924
174361
361366
463722
353960
28856
4536
4769
150718
482346
524160
367174
84965
5292
27679
189534
434109
524160
431956
83196
4588
43011
248655
342199
188492
4773
4935
25620
148488
304934
414332
439984
417374
383201
295507
97357
4659
4562
4528
64284
318498
514801
499633
295154
118381
147381
348325
520510
514663
322915
29881
4601
4555
10668
141760
289051
322660
314797
362745
423301
391160
238151
54492
5788
7993
7164
5748
6234
11664
39070
113625
233039
330100
324949
237628
171541
188395
251023
307720
343531
342976
281422
143983
10067
5813
7717
44555
191152
347456
390250
314275
228629
228910
296344
355247
360286
311838
229567
127754
41751
20399
46949
101647
146864
155179
139649
150184
219431
276262
249866
203731
222229
266427
223867
44086
4524
4510
4801
42782
260477
510963
524160
489882
292553
158079
139973
168307
184466
180792
137287
59203
12643
27826
102684
213085
299386
320450
252768
124360
25199
16835
32639
28033
50106
177815
366010
461256
390861
197759
14166
14473
136350
285282
280406
108752
4716
24552
253496
523438
524160
495096
330506
224842
107516
4654
4527
14370
156231
275340
233503
114690
19277
8143
59277
247130
434562
452947
292045
98959
7599
5860
9689
81729
247622
328141
208485
44505
32929
119276
164996
148846
124915
146355
216123
299941
324272
206069
38448
31218
171202
240493
121284
17011
117593
307491
340407
204385
75485
63864
122134
170683
185521
136432
39579
16070
135040
324378
347892
147233
4610
6983
139221
437515
524160
524160
441631
19739
4524
5106
107950
289222
325448
208223
55151
18841
113261
264441
376225
381652
296756
183430
75541
5468
5118
38705
238538
409144
402137
284080
176537
130013
141448
189915
236502
236994
191067
173763
253917
335023
232806
5912
4588
21627
128301
185662
178916
177378
183868
198924
291341
462772
523628
341424
4956
4523
6587
146842
321134
316422
171902
51882
74782
195493
328911
419356
406904
274493
136801
159632
323285
431383
366125
182642
9641
4763
7540
49392
123152
166821
216034
294348
319517
252902
191884
192307
181473
76736
4903
12142
147831
335879
348636
176830
4843
4593
16787
237057
524160
524160
439677
64499
4585
8429
127606
280331
356385
413975
433218
349203
213976
87103
6016
6720
31983
107287
167740
189155
188494
181169
163848
124353
68861
59295
170124
323129
360109
247083
79840
7093
23893
97049
195817
296766
350735
284128
127086
48878
157507
355748
445937
337452
100248
4678
15421
171578
356805
390733
291751
154168
30360
8816
71397
233127
344081
269195
42479
4592
4843
28131
173244
383378
524079
516495
298087
76717
26541
117903
199045
130133
4661
4576
36587
251678
444429
457344
289646
62856
11313
130215
314659
387964
302494
137184
49192
129417
271171
248651
35585
4535
5476
47559
180373
294674
328403
327586
354339
357989
247861
58394
4914
7001
16981
40762
78658
136909
245061
413082
524160
524160
446015
249733
106940
42721
10473
9616
57647
194370
284838
235282
149969
182067
270540
196744
4730
4555
31484
260523
481002
500455
339305
150198
86705
150255
201362
167087
91738
16286
5789
16090
96548
183208
202221
215184
287215
333035
264299
153212
132148
215855
291054
258110
147510
74720
136753
296659
395367
337242
176885
8067
4560
4481
12351
165704
325222
288152
147543
116888
227666
324833
315187
246401
198831
215065
257008
266507
236711
154102
31373
11029
75732
166743
199737
231614
277922
226473
66142
8227
67204
179558
264885
299175
193280
4909
5843
142142
419472
515727
385767
200659
88478
75453
161298
283676
290462
101906
4620
4843
117208
422218
524160
524160
418133
122772
4753
30686
210422
337984
222806
4680
4493
20309
240280
453713
422281
190917
15180
43817
178005
303892
333750
200308
4620
4533
4593
94580
333267
470246
467315
352444
194472
158197
320674
440458
262637
4747
4553
32067
217017
433817
515532
337907
13391
4589
25214
155123
226473
160253
38231
27854
203915
485577
524160
520316
172258
4583
4565
9303
55477
67302
23527
20734
131846
395921
524160
524160
393616
78758
4684
8027
117237
306032
334924
159468
5954
33699
158768
184484
81019
30775
81081
104673
73691
115578
255343
341852
287226
214008
216304
185534
66319
11337
99322
287227
446323
500932
436250
323091
236130
120939
4648
4608
4743
44528
215740
349147
377231
371985
408763
468833
491115
476531
393786
156238
4565
4538
12160
169279
348349
326817
130407
16308
165810
442030
523834
383737
169107
12374
5298
41643
229091
340977
177453
4575
4688
59547
252394
377974
424791
385363
224198
27355
9857
110230
262776
291873
198245
95707
85938
188800
290548
231698
17228
4512
6365
136678
407323
524160
475489
223071
15720
29502
156921
254072
242533
143977
57655
66560
123818
167273
175191
119540
42562
85401
328473
524160
524160
523024
77731
4594
4471
107619
364044
360913
152791
24652
68877
172030
243315
240363
105783
4608
5506
141314
383391
402817
233583
99535
114369
218639
321061
370115
296537
40570
4536
4507
67797
289842
348322
251275
174546
168816
212505
284772
322184
257164
120280
25678
38854
116964
207577
313806
414730
424739
298928
97214
4948
22590
188669
393379
447475
296331
66689
4628
5437
46759
191158
278797
260412
235440
256216
258844
222481
225907
279184
209986
4695
4537
5003
79364
227294
337209
439044
483616
413205
281317
168406
64798
4717
4654
6238
40044
133610
231347
302235
321751
263763
167364
160232
243964
295009
276226
217358
144741
130795
222732
306646
237347
55992
4698
5616
38407
142104
201751
238097
336710
437709
395167
199037
7629
7584
86254
253502
383642
407398
268736
15063
4569
8360
178230
451136
524160
481195
294194
145893
140441
257174
323064
185110
4597
4548
6366
22972
72739
143061
199700
258779
363031
477689
520664
440021
249094
92073
27950
9789
14335
98810
258286
313894
217515
96692
53659
99510
188304
231260
154554
38069
64510
228901
315631
200838
5842
4651
8112
83612
300479
523887
524160
281680
4637
4503
62152
335361
515821
449036
213281
13062
19999
183646
387055
428059
288561
67976
4620
21560
266010
520168
490627
252345
82062
50680
56952
40046
43075
125522
236618
235472
80837
5216
19223
99840
194413
279146
297193
210351
114073
137866
307315
480092
445074
151534
4614
4505
14569
177956
409989
524131
444674
152204
5179
78427
316756
394676
199808
4688
4903
15787
65388
96110
88499
130487
271926
402944
410492
315435
217217
195085
261963
330970
324479
210603
20458
4581
12759
163225
306551
275693
203372
211713
228345
163547
40600
19334
194494
475999
524160
319419
5235
4484
8921
136433
272642
278544
246177
226706
173741
90200
21435
7612
24880
156398
363952
475968
458958
400527
301127
128047
4717
4536
6469
47622
146293
228863
283337
305013
288894
271010
256433
177049
71520
77891
192781
250433
128945
4616
5469
110176
331565
402873
285074
101707
6319
39725
215454
420524
513852
451202
284926
102605
6548
23901
115575
219979
261498
223139
231270
351451
421486
297194
36848
4545
4837
46752
207626
381595
501069
471184
255187
22938
15908
135410
288222
337896
220129
10879
4618
6818
137660
387889
455095
222275
4594
4680
57001
269250
423778
372178
161789
6511
17254
115552
209869
172216
33897
5692
45743
220980
381753
417102
286478
28539
4491
13503
178530
381606
447012
382957
324988
345042
340939
240203
107354
4989
4588
4682
24608
183895
354524
403499
346686
271708
222164
160820
102954
141499
255172
291892
207376
107637
61724
10063
4617
4497
14875
233669
524160
524160
524160
434275
19750
4477
12517
148193
224986
129256
34435
101358
270673
389184
333836
105329
4514
6498
178472
456012
502671
354131
238877
212850
213459
245149
275373
170283
4691
4584
4509
58774
348337
524160
524160
524138
234156
4584
4584
33266
202509
324381
330842
284517
254618
224237
112510
4866
7312
103026
304769
431207
413684
300001
186917
114765
38355
5201
5667
12935
73654
206216
314379
339990
306622
256309
212775
152042
58783
8569
49597
171478
199536
66943
4911
22805
176699
340063
367284
292755
232785
196410
130528
35180
11324
76486
227039
332421
265663
55650
4631
5008
33382
234219
494255
524160
431615
91112
4592
4460
76034
420729
524160
524160
446156
152249
4847
17949
126140
196814
191293
213691
317103
461426
509514
373238
180110
88082
116316
213241
287544
224494
24901
4577
4684
30874
198085
376991
422306
334145
266772
318937
399653
342825
126604
4673
14856
150551
273616
230754
73346
5639
18109
117315
273784
405055
418425
259489
28158
4797
8890
63335
231236
469488
524160
464628
149711
4633
4536
32003
219034
390234
433730
295139
34643
4564
24499
214386
361988
301143
137891
81311
182332
294546
295909
211184
113156
33479
32258
121582
178059
101638
30804
137848
353250
468540
374110
124457
4591
4487
17384
270874
524160
524160
309290
4999
4890
39727
184122
287256
261993
119378
5937
54405
292584
484506
404623
149278
7472
45569
152245
225207
265689
283734
256259
167068
33724
4925
5188
5534
21922
148794
275477
292918
305428
376990
395899
273959
119051
77436
141099
198598
206676
232971
313695
374586
352792
287214
201265
45883
4598
4649
55243
272148
452436
511292
488699
428493
329640
221191
149153
73179
4595
4532
6153
141500
371406
389116
139326
4618
6367
189888
519565
524160
514560
177803
4660
4548
4961
25531
144041
259837
271220
180264
64183
45999
196837
406390
482835
365370
144489
5131
8596
54926
115019
152702
260621
427227
497584
374337
77404
4585
4541
19036
259821
512854
524160
413411
185239
6487
5716
70252
294681
468529
400726
142813
4630
10186
165887
402066
461955
274815
51157
45741
232833
399645
375849
208868
96268
86534
71104
23281
30939
145422
266039
247033
115387
12519
41856
177581
297791
339451
320137
240888
132863
105140
201110
311414
307540
186025
52963
14310
43068
82828
102747
104846
119048
191503
297213
357205
307805
156645
28802
38317
177458
385294
523777
524160
421098
131026
4549
4664
6896
16456
43052
43563
8382
22916
186443
410399
415070
164436
4672
13411
194774
450111
524160
462605
234614
44006
28631
170675
332706
353771
231607
82370
8623
16926
73251
149319
195581
206474
161414
57192
14896
117577
298588
363454
283168
150368
14550
4619
4755
7136
45356
170964
309671
425454
509049
488287
343741
103309
4589
4583
69691
350025
524138
479730
288893
173423
181391
247254
333696
389046
314527
122768
5678
13999
73899
146708
180222
167533
112005
49364
42965
97003
148570
148486
102985
72302
88324
109078
137447
198146
242975
255726
315342
464329
524160
521977
245801
4661
4622
4737
7094
18458
71963
151680
216037
280599
341095
346447
282001
226750
231165
219105
116324
8372
26798
158114
292585
312187
230728
125903
31350
5109
7251
80782
271233
397424
337284
194873
168817
290430
425913
453612
359726
211621
87955
48904
84029
94535
23349
4572
4572
11305
166849
392167
512609
501493
402456
263844
143766
99170
100259
60318
4918
4568
7158
143704
452986
524160
524160
381983
165784
122827
110097
5093
4616
12427
137192
243201
233990
217494
262879
324758
371394
371288
262161
62609
4559
4908
71832
271543
333828
155360
4754
42885
298753
522911
524160
438117
275763
113060
5044
5815
27802
64538
15445
10042
114642
320745
444618
433782
365019
291491
192050
91623
82722
183026
263202
181956
4668
4524
4619
66298
238702
268095
127603
5129
8204
91511
299182
494103
493975
244285
4725
11582
204469
406917
305243
6312
4499
6972
153378
348331
349093
226919
166156
238335
390951
519234
516914
319432
9873
4518
21892
235040
378547
229222
4718
5760
79262
255914
415264
494604
404103
194106
87058
184144
322965
324511
153344
4671
4532
10712
135988
328467
418598
391087
356627
348428
317099
264876
194151
48507
4655
4538
8275
182378
381271
413453
312838
162753
84881
153709
305089
363415
212508
5187
5275
34804
140070
213302
203558
155328
167556
271100
396352
424520
295697
85790
5093
20670
166556
363529
410748
218733
5298
56581
372849
524160
447833
14171
4623
4528
44339
376597
524160
524160
524160
309002
68335
7289
9293
4905
4548
4482
12482
166683
354345
397032
309315
219796
178497
152807
160672
231901
280173
216282
104278
95839
220807
318036
256847
78932
4654
7425
121354
318791
382772
307193
209104
163917
137619
113007
155234
248994
255225
102028
4647
16381
184773
346003
343799
244302
113492
10974
41679
208800
370835
405619
352365
308928
281644
210597
116091
84340
144665
237853
267060
200142
125935
142691
210334
205540
126827
100665
180998
300315
384367
414824
349921
128568
4638
4524
26890
190831
262638
156815
20941
30707
202819
442417
523119
317987
4711
4651
4531
33076
377435
524160
524160
397024
86715
5352
16435
75710
128601
117900
104662
203850
367357
442458
392223
260277
76484
4714
5087
28854
152067
228461
184387
146192
243808
385457
321774
50034
4671
47597
257334
416659
407963
241717
13641
4545
17465
258297
524160
524160
524160
313528
13163
4603
25419
230971
385283
220097
4645
4477
18416
203440
359340
418258
427542
333327
155610
45735
80639
202305
328977
399359
369510
210131
4643
4537
6889
88989
151501
120172
132165
225464
295766
291116
285766
369833
477173
453667
240995
4714
4535
23027
235275
451579
463269
285379
91176
19355
47765
108418
158113
207438
279865
280633
166518
71047
75578
165445
286034
339132
296668
200525
147708
248412
415570
453110
347172
227558
179944
145102
19240
4780
27493
147868
150722
5129
4538
5641
106947
320089
439038
415326
287800
124699
6215
4747
4889
22013
191303
383627
360682
141840
7727
74390
274177
488494
524066
369761
95424
4955
4821
4710
4573
8372
118287
319505
421305
396167
354315
395458
484260
468626
310041
149280
94104
100193
51103
4601
4558
13002
132058
265949
252237
101281
5312
27001
223462
476175
523151
431368
348335
412492
489504
419158
168197
4598
4509
4579
30570
192715
363435
420359
357585
258253
221535
252301
266460
199143
46902
4583
4979
13755
22722
45324
137396
195831
133665
55640
101265
253523
400170
480370
464360
358847
228539
115011
28112
11521
48928
169205
328415
401978
322375
166657
41786
10118
38873
118339
150857
93420
52675
148132
353584
507704
495214
381348
270419
127273
4915
7781
87380
206492
202861
88915
20917
97809
240463
291965
221993
142704
162334
258127
336517
328133
213333
99133
118001
216723
302073
326190
234194
63916
4917
8890
60036
132175
150900
126494
132456
239598
375896
368879
176944
5098
7041
39362
80449
77161
64056
50789
34777
77947
221108
363981
406728
364327
301309
262839
209879
136333
128913
213575
303091
302660
237362
182839
132478
84961
73967
91546
106884
112950
141741
204063
248445
216298
127183
78507
119094
160152
105109
41018
85205
227379
367569
373206
229859
58128
6065
19918
111479
225074
256371
205145
190054
274909
340409
283248
201763
177113
156313
79265
5026
5078
8238
15943
41913
175028
416198
524160
524133
314574
32733
4588
8312
151724
352112
294672
20730
4584
24637
206539
368912
360137
210405
71863
77354
221945
374848
433556
405546
339046
270314
200118
116072
47187
64447
158698
208183
181318
175150
224299
245845
199509
147624
175971
285259
340188
222031
25651
5594
17506
66214
146732
234794
237751
156564
119355
180203
284049
379889
405214
287991
58349
4612
4962
41307
175266
270246
287323
304673
358773
355007
256873
134345
21069
4671
4566
11901
123568
251063
273847
198498
65368
4963
5670
25108
131969
235261
287081
395148
524160
524160
351838
4748
4565
5765
123144
345502
497474
466517
284574
135901
162864
314428
404745
303371
46063
4553
28833
248759
390282
308813
147779
47491
33530
104990
218516
285360
268596
222379
234800
304833
323752
232632
105473
44834
28640
12498
52226
204568
332307
298488
145416
34444
59004
131068
161005
182541
215525
186973
65790
6245
49629
208643
328193
290538
144565
50984
98877
236466
351051
340831
197798
51334
26149
97422
177591
195347
167259
161825
219170
331821
447724
461447
306137
102713
55717
188829
295106
206827
33142
7975
72467
249896
437681
515371
401892
132575
4708
16975
143343
247874
208748
76541
5129
5594
35712
211335
398866
404030
226777
69318
75541
122085
29817
4585
5225
123666
457782
524160
524160
312242
4911
4585
6466
12644
24226
88668
171817
205931
214493
250160
320410
347926
223794
5051
4508
4994
89495
300399
410526
337418
153422
40641
127951
365240
520389
409367
168789
142643
368603
524132
476662
299959
149369
15554
4773
6246
58442
200616
275934
234923
177849
183560
258659
365965
388332
230304
4815
4812
56841
211412
214497
62251
5154
30832
199962
380861
406601
250740
27949
4828
20282
113418
165414
126779
90581
162492
290416
319029
217795
97765
21341
7202
20782
133971
310579
399179
377369
365702
410933
454176
410266
252283
49945
4594
4569
4520
19965
256782
520839
524160
524160
474985
278498
76350
5984
25781
98344
112378
77277
129912
285289
392356
332323
167843
50448
55517
116462
103916
39247
92091
326016
522583
482258
170844
4684
4462
10647
122761
264483
297253
231137
164753
152162
171890
180581
156699
110828
29088
4684
5019
48294
261071
493699
524160
456175
239731
28186
4766
6053
27733
154234
353437
495118
475418
294143
62695
6235
81492
297672
449239
384120
165885
17095
76817
273967
390262
287853
79641
10788
82482
177595
210625
200506
170939
127761
74734
24435
13629
51434
169474
352211
523935
524160
431374
73385
4647
4472
23948
233742
376747
279625
105827
85085
218564
327192
314568
245052
186222
130959
71952
45060
80295
181604
289899
334357
304614
214888
91470
4996
4584
4645
6610
39462
110259
140231
181663
347743
524160
524160
524160
321520
4730
4777
41855
137358
128011
70841
101787
257053
418219
413363
223011
37094
91005
380630
524160
400968
5314
4541
5080
179518
406391
374746
222459
168072
253354
380201
409299
249174
8019
5078
70738
279373
424416
385095
194667
5648
4694
6379
20694
48976
65931
68869
80292
131766
249443
442621
524160
477214
99458
4687
4490
21384
170780
320447
428973
476856
419660
267960
86327
6114
22238
64387
10831
4727
22216
227081
487264
524160
522286
334460
117177
59188
204535
375972
350736
135967
4720
6700
67688
205755
299742
285317
150348
4844
5416
58338
212325
280894
220405
142115
129973
162970
214302
240377
177445
42525
5363
15844
74876
98500
116415
223042
347192
405524
411703
389367
322039
170293
4688
4531
4533
54425
372102
524160
524160
333589
4811
4561
4894
33652
163931
302543
364426
331781
289201
305856
358306
380922
300934
116315
4596
4535
25866
186878
273049
250821
293160
439579
524160
521652
369282
178270
57815
72672
173662
211072
98903
4583
4763
96637
393052
524160
446515
104708
4603
4907
103569
321597
390922
276721
87859
6576
64721
269528
390985
264571
5215
4553
4481
25419
205627
398176
439007
329288
250211
339221
500599
501545
255546
4668
4519
9164
151247
357441
422573
275793
10990
5155
119872
412542
524160
416171
134131
4937
9319
69673
156747
157361
70794
35710
169190
368877
439374
374189
262336
130209
14288
18999
146297
279776
216888
4693
4569
21785
311130
524160
524160
375507
169482
19376
4646
4538
27045
182625
250654
172288
106771
147226
208421
188444
99482
23546
44919
174589
316582
374130
347737
272415
175934
84789
52737
130018
277727
371155
323012
209897
186723
273788
350059
288567
81719
4553
4623
35512
263410
480325
497289
355072
221224
181548
198974
212792
171362
41088
4571
4499
24150
271582
524160
524160
355964
15784
5455
91246
269115
336981
283145
205622
175420
195701
255809
290317
184960
4683
4546
12538
162927
341628
375082
267408
130973
88709
188339
300570
269792
147093
57816
39632
60646
44349
24766
107524
254920
360059
411586
429808
406544
296149
93634
5147
11828
33050
31271
71513
223463
386519
423118
339250
212466
74915
5340
14567
124030
257634
252872
147254
109251
212181
347729
362298
236073
42827
4599
4689
66890
346190
524160
524160
385411
184146
86541
60987
88531
123368
79592
5131
8792
114459
308064
404746
378366
309859
240721
157200
50585
6140
9837
19022
40801
121796
234394
272327
199748
90222
65795
154769
243399
236187
180707
155736
114106
7674
5430
84735
360262
524051
508924
326525
196897
158989
154363
157551
181895
206717
196646
165110
79932
4889
7633
129660
391336
524022
480088
182389
4620
5465
97673
279206
300323
126151
4627
8133
90568
204155
277255
348701
371249
280086
122147
41098
121146
297733
415910
367266
195476
30160
11730
86964
195518
214240
153843
118475
142513
188182
205703
163082
91800
66374
116585
198045
236580
200737
117301
19202
4713
5878
82532
300676
421878
333687
215975
242818
342388
393593
362047
267029
148863
34430
5247
7625
54961
173212
225848
130393
5534
8339
85127
237002
377702
472340
414041
129698
4632
4534
55981
347831
524160
511445
344486
225612
216990
253098
266402
181998
4711
4569
4557
10270
259220
524160
524160
524160
208578
11508
93850
222471
212907
96117
5021
4669
5816
80960
290599
439286
451042
399496
346120
249241
117614
80222
166349
227076
143671
6628
8996
93120
218331
232956
159903
150061
254336
344670
311216
156007
5423
9801
131127
362623
498719
414885
211268
96176
94214
78414
11823
9391
63503
198629
307352
292209
156934
27899
26713
148743
285322
295488
219619
158511
133881
126780
118258
156470
249939
244015
40701
4620
27896
329885
524160
524160
470020
32722
4524
7343
148242
291624
250301
111180
36232
95678
214177
295530
339680
331712
248225
156497
109939
119799
152627
123134
31648
7103
15673
65806
171961
301418
381409
341774
210682
116621
103496
84663
8825
4739
5860
30104
137760
297468
443962
470410
323110
110578
6083
12003
80674
182284
190920
99729
18462
117196
453414
524160
524160
378218
4665
4539
4582
86892
312384
429848
363902
195815
86549
139885
317221
452319
365829
65547
4590
4475
58311
347751
469660
272572
15809
27693
224543
356158
236432
6405
4992
90028
371007
524160
524160
469252
158470
11521
102565
263536
272688
111470
4653
4564
4481
4554
82003
364584
524160
524095
492046
458711
436071
358552
179844
4635
4497
5219
81110
288355
428336
416971
317624
229995
151599
20712
4595
30295
272993
522046
524137
313766
107627
71271
129343
157491
95388
5496
4919
8653
73922
209014
312451
372070
390662
330200
215787
130681
158278
280752
333755
246942
145640
133483
150897
71878
4594
4719
8022
80672
276849
473587
482664
287692
110168
114912
212088
213703
106336
18764
14774
48296
100095
133026
147473
162744
190041
224339
232655
188339
110496
36360
34543
169159
364439
440915
320051
123312
46788
143814
295818
343453
233656
44278
4765
13175
125482
283620
383414
388859
307576
210954
211388
324262
430946
419480
265388
40956
4654
7123
77697
201194
195278
7177
4566
9572
219413
492578
520218
322070
85811
10456
92198
211554
198733
47967
5355
82264
356163
524160
463464
123280
4645
4515
29902
276220
481200
467615
299290
104247
5501
12615
107850
232913
237093
143000
105290
224588
418301
481372
349555
186042
123039
145362
204979
225883
178642
139425
188583
298341
379660
360200
212462
5292
4535
5111
90419
289686
334030
201697
94555
101313
111265
86887
109343
161681
158280
160840
278515
408682
347118
68362
4610
4492
45648
283620
455389
410972
214346
58321
109209
303606
407215
317081
139839
37668
93386
260405
370865
270735
15251
4547
4569
19699
99900
119277
111850
195649
362009
501834
522042
429969
275082
153239
109324
148588
239976
281851
183350
60729
102461
273464
391668
378507
274752
123354
4757
4506
8853
211679
520223
522989
233940
4831
5377
11782
53445
184631
365240
443061
380953
312395
318521
307857
177854
8226
6222
30403
74301
68433
26201
9605
32397
129521
224355
227012
176083
181220
264410
324980
290306
201871
116259
50141
14655
7192
5530
10315
119029
351335
503341
448500
245166
59894
49131
214493
346976
278001
99691
20256
92553
211037
238445
167595
132884
194848
245921
240755
258809
313540
341745
318349
231350
50857
4625
5520
80889
260988
368335
349232
267909
234049
222580
117547
4871
6009
25786
40983
5994
6333
55976
238322
389070
358272
192787
61230
63248
149185
174125
132898
153057
233687
259397
247658
262519
243668
151946
91748
124895
177632
208684
230523
213370
122797
10841
17285
155469
346607
387523
226776
35805
10048
83421
278323
484107
502461
319290
131653
76442
130889
190177
187297
160072
194667
287544
342398
306320
221655
131998
66593
48660
68371
110062
136210
75651
4712
5497
98976
377055
524032
389289
24539
4519
8375
153771
322161
302339
176559
168023
304061
365668
199093
4646
4499
4774
16646
101885
226508
370300
481866
446744
261521
48515
4951
14319
117859
237925
224140
119217
86763
183705
304819
310712
203286
158045
301305
523985
524160
508771
181327
4671
5614
16677
9335
6426
24919
84532
123099
208981
392414
523703
511559
351839
179724
62848
14615
15996
40525
66454
67855
84618
171492
284123
329634
282279
193777
111297
47384
7519
5372
7004
30266
117196
238693
345402
355516
264226
185899
182397
209596
222171
199687
120162
16637
9027
82051
259477
398152
384574
240073
121066
125190
202154
267083
298305
314636
315924
308277
297317
289721
296560
279957
181174
8856
4562
4518
30298
394397
524160
524160
246525
5042
85132
314965
382578
195271
4689
4566
14823
205362
433407
441932
221799
4759
4539
6290
103747
341806
511695
457991
180506
4584
5311
47691
77124
4808
4627
14296
180297
441127
524160
496848
193709
5008
24408
177749
266080
153079
6489
8806
75281
188827
258331
307874
344183
305342
148111
4579
4621
11172
148734
388410
524010
489140
280376
115530
163896
392393
524160
524160
448181
125452
4601
4497
6973
76776
203623
244653
162998
74232
111192
274864
415925
350865
143043
20965
27584
30933
6752
5875
9886
39400
109529
190058
249620
238773
130251
12686
38622
233699
478717
524160
365971
6657
4521
4538
108653
388188
485855
313049
88787
56945
222223
414279
453375
269101
5451
4558
48104
306737
495888
422815
204539
72684
92788
172032
260068
364159
388869
265692
139492
178952
308153
287919
70669
4769
41538
246479
391645
322193
141444
31707
57004
171100
246562
128572
4588
4484
23016
307418
524160
524160
459093
255964
107697
11282
5055
5018
5034
5954
34145
179729
361207
436683
344017
175659
65368
27341
22747
72012
224603
398299
443359
350055
259437
257750
305787
353780
350543
257724
108839
8005
18971
94265
121260
89122
133454
267806
384903
402287
277365
28909
4574
4844
120723
409579
524160
499030
282340
76811
31113
140222
280284
345174
288791
138677
32558
51191
143066
221827
211142
108972
13726
10615
58281
131671
144105
97382
38467
40980
145193
299040
393997
372977
269168
162813
79001
4866
4550
15682
224004
486923
519830
297902
15235
4674
13747
112317
248624
316545
281796
190392
112205
115305
204718
291654
284432
208867
153428
105863
14789
4924
9113
92812
290531
519243
524160
496243
109506
4581
4578
86051
323689
377933
183963
8654
59310
283202
491880
523284
390260
104449
4583
4599
8354
190500
443441
492688
320314
39717
4551
4934
154635
514786
524160
498308
124664
4635
9036
135569
313392
373441
260393
37646
4619
7262
65868
225327
421671
524040
468257
247694
75324
81284
169487
177493
134018
173808
302665
406725
380268
224922
34742
8189
124131
344732
417808
281499
49483
4704
16232
139236
253160
219837
62543
4577
4553
38048
338886
524160
524160
434723
4970
4523
4888
88899
267231
347979
314006
213328
151372
208674
344470
451744
389061
105483
4611
4532
9422
156160
373316
442660
325868
210069
212990
225393
156577
87430
87943
140427
232753
346557
390610
286397
85291
8253
91225
207350
155182
9750
10612
123209
318424
404758
293445
134485
154615
331407
440720
376025
218679
59315
5410
5458
7604
37680
115643
142359
151815
259238
433026
518496
403296
114982
4680
12236
183874
436095
501442
294334
4774
4546
6361
141409
338775
341417
122190
4573
27037
248178
441936
412626
255314
142599
145300
221844
234715
75354
4555
4553
29479
257865
514749
524160
491802
225753
5978
4818
9762
61866
137593
213167
306903
337849
230750
64290
4748
4592
4883
61580
317176
523866
519270
333639
180444
129452
151078
213995
258412
203521
56249
12625
153867
381845
435599
236167
4803
4652
6070
7550
8461
19118
88730
269674
502010
524160
524160
367921
141857
4802
4928
14584
71168
145926
219795
297207
382793
463535
482216
338866
51343
4576
4595
27064
143097
178120
129324
120550
208599
364924
495787
483546
282438
10101
4741
45657
243888
459313
524160
437305
185477
8743
38118
191337
297086
253862
