153623
149840
121500
80958
49867
33756
48499
103672
173722
215126
205473
159338
111554
95843
114264
141040
157813
171863
191553
213606
240017
267431
264363
212049
141879
100382
103573
128187
143834
142484
147594
178859
218378
227926
200600
163086
133572
123590
145107
183204
204175
193474
169659
155217
151044
137212
100349
64101
68330
120812
183293
220104
237888
251424
254424
239355
206461
155125
96061
60483
69405
107886
139163
143572
133952
137948
173285
221618
237503
202861
138200
81579
63193
88804
131467
149376
136941
129071
148818
176350
178200
148756
113173
95863
102039
128370
165879
194229
192218
166534
152859
166737
191528
209768
220386
233103
253347
274991
279951
246554
179885
113356
88156
115353
165673
197573
196446
188067
196015
210657
214438
202290
179894
165895
175321
198642
209233
183524
126647
88134
112265
189441
260757
275247
241703
201080
177973
172051
167453
154114
144958
156350
174264
170331
128750
64127
18320
27577
89831
174590
235381
246267
215448
179858
170589
177417
163945
126391
103198
117027
154296
181018
181304
174029
179551
191352
184971
151818
111999
96398
119942
170812
220958
238627
225896
213122
214124
218102
207014
170359
115081
77511
95483
162887
236123
272185
258312
215744
181405
172546
175619
174608
165802
157229
154641
157627
164036
165007
152766
140836
152086
185135
210986
205258
168587
133224
132576
157587
171968
162681
149135
141152
138058
148982
165535
167172
158700
165709
201615
255352
301078
309312
273223
219900
187964
183675
186587
184100
183049
195912
217775
231545
227222
218703
225914
233859
217246
190320
184389
192826
185261
168849
172323
196739
223037
224594
190401
159781
182543
242316
288398
302457
289038
253727
206160
161765
126341
97418
87721
105670
142090
177556
190649
175141
153014
157330
185873
211278
229278
244764
235028
182650
121347
86052
62823
42557
50086
98223
152902
172030
145681
103000
88159
110076
141212
164684
176187
163648
125457
95280
101680
126217
138903
145791
161852
176956
178884
163265
139575
133256
153712
180678
188563
173223
141049
100104
76648
92641
125865
143963
146760
139509
118749
96649
86073
77464
74190
94090
132096
171547
205159
221862
207574
169867
132522
102470
75961
64561
77984
102946
124769
142053
151661
157039
172635
200292
222172
220093
191785
140869
86985
68372
98290
144790
180356
205416
213699
201445
187175
182291
181518
183546
194659
211893
223685
229873
227191
207534
180654
167885
184031
226963
268647
270073
230657
190127
180559
193985
203496
196516
185070
184487
197766
214339
224625
224509
214403
195658
178050
182949
202703
203232
184839
181116
210696
256151
277224
247854
184284
134268
124899
139208
153869
170670
198217
226130
235103
216106
179587
154718
151862
162377
185707
222789
253473
250303
219060
195753
205766
230934
230736
195973
159244
155475
181825
205237
205210
185156
161074
148397
157458
180846
192257
178590
148191
115886
90550
82703
101412
141063
187320
227929
256286
266385
244572
187907
124009
90368
97932
128574
156178
163197
153384
147238
157313
176956
196831
208991
200848
177638
156185
139212
114762
90642
91158
113905
135046
146791
157270
178641
213831
244211
238250
183119
102742
40495
22170
39767
77383
114052
135209
148881
164887
178619
176514
147175
99035
69858
95957
156199
188087
165838
129943
128323
160062
193159
192901
154508
116192
102990
98301
75557
37083
15792
36345
111103
210843
272720
257921
194512
134484
97495
82996
86313
102685
127948
147574
155453
160840
176840
202205
221275
221969
208612
193890
180438
169391
172204
196684
233123
251808
227110
167574
112227
102413
146027
208441
238781
214396
167222
152684
191663
249962
277538
253992
199524
154177
136039
137369
146421
157833
173170
198988
235303
266591
276663
267937
255197
252209
264060
271952
244138
181119
133126
147101
216998
285289
291239
233944
175357
166585
205987
253907
270431
246948
210429
197419
217864
239095
228716
199266
184423
192883
208812
216406
217666
217235
204703
178254
156834
155251
157909
143754
127696
143264
182412
199260
170515
120353
88808
100241
146710
200522
241268
268213
285440
289631
264283
193134
87278
6859
9218
49621
143315
213841
219135
174470
121467
98785
117075
153475
170762
153370
116119
84202
71270
68552
68188
83462
128851
192412
239074
240683
205363
165794
155289
178230
205873
197592
141748
79534
56771
82649
132872
176388
194909
189501
178013
170489
158650
137829
112481
88166
68539
58225
59143
78939
128762
186818
204353
169654
127894
120866
142937
165588
173920
168632
155836
142372
127451
113924
120944
152434
185738
204090
201289
176678
148789
150092
182349
208387
203425
180958
160082
137608
115470
117463
160661
228778
280018
284068
256211
228735
203582
170064
140922
137251
153068
163523
169433
181999
196890
205886
216078
228408
228675
205047
162105
124363
116864
132225
144754
146628
149791
167614
198888
229145
245223
242151
219543
191948
172005
171497
196765
219516
201843
149021
103642
95587
118729
146184
152866
144258
142188
158715
188986
219564
241647
238145
187938
109094
54999
52119
89073
144961
203784
251527
268860
241227
175631
104691
75914
96945
125110
129417
123364
135928
169942
202857
209943
191366
174269
176259
190998
214714
249571
282487
281357
234524
169532
119741
98154
104065
126394
154155
192585
235929
261830
259368
242906
231238
222566
204794
182028
160859
141246
123592
111440
110728
136387
185263
224051
239618
252744
270719
277297
256917
207412
134456
57942
18642
35226
89671
154221
196380
193914
161275
129684
118231
131179
161938
196190
218993
221306
200715
165088
135365
136157
160951
160936
117579
79254
93607
155770
224050
270412
295301
295977
257004
185934
127810
120156
149584
177420
197758
228218
257286
255148
221072
181543
155765
149168
158737
166737
154458
133405
136205
166693
194072
193685
163830
123207
99052
101816
121104
141773
159144
175066
185248
192154
191013
169974
133354
107734
105026
110465
121169
143017
161948
162148
154346
153178
151762
144929
146146
163513
190089
221532
255862
279429
287451
278179
237503
171718
115474
88363
83546
111479
188530
280604
330083
323338
278450
206341
119462
49442
26452
61538
146285
239110
281580
253881
188109
125778
96628
109795
143025
154907
136412
116776
111198
116865
140022
178325
201889
181978
122013
55896
25207
46451
96883
145796
187651
228969
260825
265272
228957
158291
89662
69201
104808
156979
183590
174338
142184
114933
124809
171544
213136
216795
189415
156780
140843
155587
199451
243675
264361
262970
249651
228900
204131
176703
145493
125241
139703
186028
241576
288125
308056
284351
232845
195805
188079
183677
151543
90554
35209
26964
71061
135877
193093
234270
247852
222942
172362
130127
116279
135808
176793
199741
173802
113110
62538
53207
91110
156523
204688
209382
195695
198049
215817
240063
268970
277925
239167
164197
95620
59035
56299
83737
133455
198576
265603
293437
251299
175161
132483
144201
190742
246424
272267
237723
161996
103635
94581
119992
151370
167157
166432
178428
220433
261239
271146
257951
229096
186471
149928
132095
110859
74800
56184
75794
112453
146074
173783
190859
199389
215917
235511
238407
217692
168553
101794
58595
74761
134255
184134
198521
182696
142033
99018
95197
134372
178222
201303
200121
186093
179649
184285
176485
149883
137064
157293
183477
188244
174348
150659
134237
148468
178109
175298
134344
103404
120367
181087
245351
264720
214629
123923
63643
70550
117937
165366
191022
192471
187191
188891
186002
164990
135932
120052
129759
164520
206972
215286
171309
121911
121584
167738
213193
222887
195438
163745
163161
194552
230083
245518
230824
197592
173288
170230
172358
157890
138913
148232
180267
202248
203118
186011
154150
123878
129323
185997
256537
273763
211861
119476
66795
71085
84947
76365
74356
110498
174345
243231
301183
316439
273281
209961
180375
189523
189014
149529
95800
71989
99910
162631
221163
249009
238237
205184
195849
237234
289020
298203
261849
220249
199007
172692
117989
53204
13811
22042
71455
133557
171606
186003
191105
203783
230825
241440
198922
119142
64393
70809
109331
127010
109113
82974
90195
154019
244397
305052
299066
225234
135094
99995
132815
177668
174558
127336
95678
120437
177600
217465
211734
171758
142939
165119
235377
310793
330806
272241
189508
161238
197616
238238
237478
214606
210150
227859
247576
247763
214449
152893
87431
56918
93276
171863
219587
195052
140290
133534
189216
240980
236671
198728
178500
192907
220729
224899
188119
130179
88302
84445
102299
106057
87282
76940
99901
152341
211536
243247
224257
164571
104532
84277
105668
137623
144838
120583
100680
116994
156943
185860
190216
183676
190886
230575
286437
313163
278938
198656
116769
65833
65022
112460
182047
241614
271654
264011
215682
147511
87823
56895
75141
139090
209808
251290
260174
242634
199986
144882
102968
85489
84268
98673
140136
195673
234784
234200
190470
129524
81398
53437
45320
74804
151310
235164
268836
242384
190472
147365
128883
131150
129512
107116
73396
50300
55168
93482
145305
172585
163699
147205
146628
159021
178536
201093
211791
197214
168847
134751
93251
59003
51179
74678
123576
186116
236331
248105
238357
240105
250687
245969
216250
162871
101615
67423
78493
116948
163683
211776
245426
250076
239578
236032
233886
217088
188203
159795
144764
150923
165807
170386
172405
188719
202189
186927
146372
106957
95587
131124
203248
265119
275759
241678
192064
147909
129529
142401
159617
163860
169230
186365
206346
222229
231086
222173
202049
199565
209059
199519
180448
186740
222363
255917
254490
216461
173775
159809
173278
189895
205234
225128
232662
208612
174364
157924
157317
167230
192408
224739
248181
253512
241010
229182
238015
261766
271307
250640
222166
202458
182352
159909
138123
117909
111501
132819
166727
184414
187741
193119
214335
243073
261455
244217
185475
111370
47224
11654
19329
73531
145259
170208
142440
107690
109907
153717
212620
252160
255548
237035
201968
140342
69902
23180
14701
29968
86444
177993
266037
323020
343957
330859
291692
243130
188312
125568
77808
73017
107981
153297
186589
192376
162398
122972
103298
99616
106709
134734
177229
203719
197985
163122
113389
75908
66058
74201
87149
96301
89717
62727
42186
63411
120488
174351
194370
171308
117074
64606
42626
47688
56345
60408
75840
113285
163591
201893
201485
169358
144636
143931
156343
175348
194404
198130
185707
172823
167803
168997
179306
198033
210293
206365
186289
155920
143110
178386
247935
301867
304628
255102
177431
120004
130494
205192
288248
322956
295160
235427
192977
189081
193033
162827
104577
60911
69652
134117
214441
259500
249040
208802
179261
176208
186860
183767
151038
117187
128606
190045
260382
299558
301546
278079
241132
208104
196425
202715
205568
191584
177635
184156
201753
204509
186994
175901
195803
231193
252101
253300
255911
269844
281952
274030
240424
197701
159320
130520
121326
134454
152845
161047
163930
177663
211698
246602
246067
208086
171787
162528
158283
125554
62095
8764
9074
30355
99483
178466
227044
235520
212953
192374
200609
225699
237007
214382
165597
111059
64081
36498
38139
65939
110023
160170
195192
191568
151697
108841
107248
150360
191917
193980
159479
115821
84859
75083
87873
112219
124551
118481
114285
126158
140196
132459
98569
68057
71432
105495
145677
169006
164837
133796
92383
60925
50419
64908
98758
141136
173867
182775
171365
149439
130338
126302
144806
189622
245151
273438
248026
182733
115015
76960
77422
107099
157624
208185
228435
215564
197831
196296
202394
197330
181188
166079
156386
149257
151884
167585
183263
183379
156449
117353
95788
103936
145699
209534
264338
273189
222838
144032
90756
96475
146908
203873
238862
249636
254129
262926
268698
254327
214664
177208
171511
193198
217312
233377
252557
288355
329121
340155
307722
241767
167729
131013
159909
244629
338857
383427
359175
301612
254929
233680
229234
228028
219669
202118
185227
178712
166874
137773
122655
158359
238439
309537
324089
282881
218552
155127
103995
79175
94727
138399
172752
173416
152746
134217
118602
101441
83026
69833
76297
112510
155480
171162
164714
166398
187199
202291
183127
134960
85153
64030
77448
106978
145545
194828
246976
282194
289249
270652
231122
184021
149153
139481
153992
168764
163636
138972
117021
119154
141651
157774
148833
125033
110541
127333
172508
213487
216538
172099
108561
56236
29537
34021
55754
74515
77449
79450
105767
156043
197929
197240
156896
109562
85985
93052
113230
131312
132314
106312
73387
67962
93730
118045
124130
131838
167381
225825
270829
276882
247997
203224
153275
104652
82921
109819
160986
189154
186095
184030
205972
240724
261084
255562
229116
197066
182113
194822
219569
227576
212706
195080
197609
208976
201337
192489
214979
249601
250561
214389
183649
188328
215304
241737
256872
253306
226704
179462
128700
112909
146223
188784
197640
177159
164548
174988
196855
212027
205581
182279
164484
166861
175296
174333
172526
177806
184320
186996
183337
163122
132234
119963
141257
180370
208400
214535
202963
187880
192961
222344
257451
276258
259795
205197
144189
112442
105408
104379
118092
162087
216808
243240
235169
213615
191078
166383
136044
100326
70598
64238
79772
111133
158417
192798
188625
162974
146594
150338
162176
168751
169403
161327
142732
131876
143189
172847
202921
195387
141710
84850
68924
90168
110755
102346
69103
38682
35746
68418
116565
143679
139069
123351
122452
148432
178159
170808
122932
74902
67511
108364
166552
202285
198816
162647
125315
108087
111014
126885
148164
162624
170177
188493
228889
268570
276990
247623
199132
152501
127907
135267
167488
210668
257129
290735
285735
247260
211373
206741
230089
251815
250583
231063
212688
203442
197146
198667
216662
228484
204123
155735
120916
124099
157096
190909
201540
186322
162234
149468
151848
158755
166123
175509
187652
208246
233096
233378
189574
125274
84475
101380
173179
244708
256672
211217
161746
146242
156861
172292
178157
165149
149718
158177
186544
211726
223048
215608
195313
180405
181576
193190
204912
222985
253973
284101
293355
268822
222318
178349
158816
172064
201058
224773
230523
215075
182646
147639
130764
138462
163421
187767
198009
200367
202837
191400
145895
75511
20830
25575
89362
173027
225128
228455
200030
168515
143701
117093
78238
29681
7649
9894
36418
104847
163702
174902
142352
104010
98767
130852
167511
183905
183951
178214
175880
181257
182731
170475
149909
137688
147150
173902
195436
199818
198667
209038
233394
251067
241934
213684
180297
146884
118475
99860
94027
101716
126375
166633
205432
212539
187476
165114
174910
209654
229387
204991
157641
124137
116843
133232
159379
170480
149854
111110
94529
125605
176464
197516
174706
130081
94550
86240
105611
142103
169811
159677
110821
68456
77128
131169
189306
218827
211057
174602
133067
118272
149178
216900
287878
321017
302767
252247
196640
160829
157367
173127
186550
200516
234320
284995
318377
310930
282461
266636
270236
278186
276113
260222
232694
201335
187511
212285
259979
280398
243733
182942
152053
160685
186353
211124
223980
209748
172695
140312
130984
134876
123400
88565
51316
37232
53060
85375
126498
174604
213196
217077
190701
158310
127600
108398
116434
138327
140332
112831
89319
103699
148865
186464
183411
146542
119929
140330
190950
232286
240626
209412
159400
133273
153923
201532
236250
240012
219210
194302
176640
166591
162931
165678
186676
220530
243972
235028
186207
120020
69658
52999
69323
110525
156918
177496
162239
138531
137772
152904
148264
114859
74496
48898
48938
68683
93712
118056
135037
131495
102497
62285
35999
40612
73500
119868
150049
139276
104962
86573
104492
148750
187833
185155
144020
113407
130210
188642
255674
294452
287857
252533
227012
233322
254946
258723
236183
208909
199356
204025
207257
208820
222524
248590
262880
252280
238053
244721
262455
268707
261728
244723
206552
151442
110388
111109
146169
181133
196329
205789
225554
238859
227476
207421
201268
202607
197062
196128
210648
213700
174924
115264
90550
116646
162091
195786
212263
217954
211317
192335
169650
151936
132977
98257
61288
63808
119224
199922
270553
307890
308937
290393
266708
236356
194092
152991
140555
157405
177318
183991
185221
193741
202142
197284
188253
200795
242034
284098
294392
262106
205177
146872
100235
78973
86878
110172
131627
142047
149417
171777
209026
232915
213690
146417
60793
11126
12765
19392
26585
46537
85496
119953
122329
101196
91434
111375
141551
155845
149016
126484
85008
29911
10994
33741
99692
156607
165461
148648
150483
177487
200526
197542
173294
148251
137768
134080
128563
129309
139053
150372
166068
193895
226548
249166
262629
272064
265219
232006
186608
147744
124623
120457
135122
164714
198413
207943
175384
134774
142827
201531
260883
274271
231693
148437
62130
24010
44657
86554
119639
143179
162024
177596
184824
182249
183007
198486
213131
194175
144753
102480
84293
96644
150594
230693
283137
271280
216868
175711
189047
252114
317156
339505
314421
268538
225801
203597
202501
205736
207330
220539
253970
289729
306649
307348
300360
289452
276519
254947
211611
155900
122244
133306
184405
240496
251741
203804
133444
90185
90378
119044
156591
190923
210192
213683
206279
175080
114733
62749
56839
89582
122410
127352
100715
66436
65957
110272
168032
205700
205982
175327
145677
143571
157311
158446
146253
140971
155234
184627
210101
211731
183144
145365
131247
145210
162247
159117
140376
136888
170028
222427
249020
215772
135802
61154
39739
81420
146393
172618
145502
108434
99912
118613
138232
138430
121506
118781
148500
184626
193351
163134
95961
22517
10124
31381
81086
122722
144725
161364
189776
224762
233408
185322
107477
68041
105275
195033
278645
301769
247473
162975
128410
165703
224044
254445
251398
234931
229353
239223
238117
208865
179931
180225
204413
237072
252103
225440
179235
159932
179581
209080
219875
208138
179981
151476
147855
168519
177227
156914
126807
121383
167935
248199
295532
272941
220554
201392
222865
245383
231676
171939
98103
71812
127991
224277
292415
302299
270988
242452
239887
236444
203771
162558
160315
203920
254590
283024
276923
227760
159987
120009
133965
194688
260636
271671
208960
122387
74684
82436
126508
183354
236674
273951
282385
255312
197695
127620
76093
58587
66433
88352
111236
119212
110445
100210
100152
106614
114197
121604
127369
141978
178733
216843
210165
142911
53256
8673
14435
39019
77364
121144
169399
198864
189009
159150
148877
159057
156950
133921
111268
106317
120791
146687
170982
182501
180687
170347
154823
141231
145962
174941
209950
228371
217823
179659
129720
86691
55039
34757
37498
68688
113196
145090
149100
128082
97504
84623
107640
143071
152168
129065
104839
111204
147804
188675
207669
201483
187435
173735
153893
132833
117069
102960
97969
123672
181319
237077
261062
249855
219330
192047
184000
193080
214332
243433
262201
254715
238001
238327
248429
242085
215077
190499
189166
214793
252877
275694
270481
255562
245118
233219
219193
215944
231111
262733
291497
281172
214759
133450
100715
137307
214467
282045
302511
275351
231351
202346
193797
197430
203449
196706
166313
128516
108790
105080
99025
95857
119631
174185
237565
272502
259529
216552
184182
192576
225410
238654
207957
142801
78923
59615
98778
162399
208490
228239
236416
248216
256272
239994
205001
179885
178621
193916
207218
196304
160844
131632
135481
171609
218228
244569
227886
182098
140793
112986
94704
88587
96637
109554
114045
107120
93394
72860
42753
14486
13274
36510
96648
154706
167534
135252
88967
55197
47085
61574
79377
91262
108214
128682
133569
121370
113352
122452
144008
160565
154253
129955
118850
134223
144606
119199
76943
60455
83327
127273
162779
179265
185558
187303
178093
161631
156613
170502
188856
199055
208618
223374
230754
225486
213391
189982
158467
139574
141268
151746
160706
170507
188868
216290
233599
220044
178835
146909
153217
178211
197710
210639
212798
197817
171586
146139
135118
147784
178372
209710
224003
218217
207600
199993
200104
214317
226008
216781
196798
180258
168671
163842
161462
158255
165559
189916
224488
250359
260539
274094
296109
310067
311670
295601
251058
194255
160820
168597
206146
238373
236065
208988
201233
240097
302773
349966
366986
345192
271728
171777
95526
62751
69362
104718
153952
206838
248514
261012
237968
197441
173032
175904
180317
161213
121784
83340
73962
106726
156609
189182
193012
170867
135063
111494
120062
152072
192033
238968
292005
321418
284965
185462
71645
8895
16083
59136
129100
200598
248821
253334
230161
213245
209698
194916
147788
91619
67066
83182
123925
164713
183827
178808
166618
160682
153263
123586
67961
33790
68737
151087
212867
207304
158141
124013
116962
106526
79361
43697
17527
15248
27191
65175
124676
166120
158258
115612
82507
81802
88990
71037
33784
16329
32592
72869
107539
120824
122935
120037
114393
118353
137040
155882
158003
161250
207546
285520
322786
280231
194918
126548
100657
107278
131920
171819
211407
231614
241615
249043
233273
180844
125736
116440
147656
175291
185256
193843
205481
201272
181963
167914
167083
153803
113787
84203
100104
139954
156878
143622
137049
164895
206969
228207
225329
213266
205658
211019
226766
247201
263907
253209
205035
147977
124635
146922
194750
242632
276572
296978
308028
308142
294243
274163
256621
236446
204030
171783
161607
178494
209112
238377
261053
278983
283866
261342
211572
168742
175718
226141
263965
251647
202898
148887
117385
123835
157466
187219
196558
193054
196866
221541
252513
270446
263139
223398
165286
122791
121257
150875
175545
182121
186843
196113
194511
166833
124384
96586
96572
116875
151838
193283
216913
198284
141240
87495
82084
120367
155549
161088
149631
147988
173268
213688
241487
237259
197988
136242
82990
72544
110102
161542
187762
185992
176344
176966
193323
202425
185307
152175
129962
134950
160176
189043
202557
186601
143284
94154
58961
42542
48668
72789
99366
119328
129636
135370
152204
183803
203020
181139
130964
98725
110914
144935
161799
147078
109648
76454
78301
118734
162951
169386
135007
98384
109189
170027
228148
232559
185970
123357
65724
27459
33620
87535
163316
224195
246969
239479
228311
225763
217330
193914
172759
169975
176430
175731
160278
138977
137424
167301
201882
214726
216081
217973
215957
210519
209431
215743
219278
205864
168743
114633
67351
53711
78556
129163
190085
236271
243046
213659
173113
147745
150487
170481
179006
155589
113761
87232
85799
100691
131195
172927
206996
228624
245529
256417
251246
218334
163222
111698
102103
150871
221862
268635
276084
250227
208943
174412
164582
180134
207556
225862
224305
221175
240903
280479
302574
274368
216057
167109
133622
116548
134222
189864
254172
293067
293251
265588
216151
152380
97158
77960
110124
168947
210403
224763
227501
216895
185233
142962
107884
95089
105622
126020
143158
150227
153250
168283
195364
217873
225197
208243
174471
158536
177752
202872
204095
185197
162051
135086
107328
103123
136802
192970
238247
245879
222507
204133
201382
189095
163929
136369
98935
60033
56138
104841
175073
224467
247510
259227
254635
218523
150272
74084
38170
64304
125280
188028
231693
231133
177338
110450
85028
109292
139460
139602
122815
120215
149393
200836
233633
220356
169499
93441
22124
15135
57713
120632
152586
148926
140506
147565
159775
152095
107286
48417
29385
69768
133859
177835
182321
167199
176761
217910
249199
236261
187272
129836
95600
114431
174760
210112
166351
86104
59967
117937
218574
288488
270679
176328
73081
20439
40789
113568
184153
213775
215132
216207
212079
179213
133714
115001
133346
178260
236586
280425
272423
208380
128999
84564
94758
133437
165078
186207
216381
247596
244077
213261
205429
230750
251672
245600
220557
197179
194407
211448
233725
244954
232940
200487
170587
173570
210872
229924
191590
133637
107903
121156
161312
204484
211218
172829
132309
140202
201911
268019
278148
227990
176940
171911
192731
196785
183196
177194
187037
212928
245991
257128
229544
187534
163834
159824
166865
186674
209394
210426
186462
168777
183756
216210
235242
231355
218701
212845
196721
147169
89571
76022
116762
177819
225760
247797
240051
208343
176185
168769
188426
205711
189139
141010
90606
62953
68318
99920
143451
189319
233256
273844
298786
277567
200343
114718
84057
102535
111840
92143
75085
92867
136405
171003
182658
183120
174629
148485
127510
148236
197291
216427
187674
160242
166892
168259
118566
41884
12952
47044
130382
213582
262986
273728
254631
225965
212152
215248
205359
157218
98974
76057
93814
125322
146849
140424
114059
108890
146157
204007
237698
223451
180090
144168
131653
119211
78808
33824
33423
86069
159539
217790
241081
222257
178516
151489
159614
180219
188983
187209
180600
165403
140637
114486
96183
99892
129489
160768
181596
200040
210454
202790
187852
176946
158592
133414
123147
131734
139846
137641
134913
137210
136419
138542
157804
193686
232278
246567
223815
190354
176350
174157
159561
138827
134622
147417
168435
200603
231583
237475
222606
209364
203199
197452
182713
149280
110592
94503
106151
125759
139229
149767
160363
164851
170596
187986
198627
187554
163716
142551
137181
147557
156624
150539
137696
133122
139801
148405
159614
177029
190127
199531
211237
207514
178932
144828
124172
123510
142176
174559
209989
242179
267660
274218
253344
218404
184752
154432
137055
150126
186578
223395
245299
256710
265125
267293
253854
214989
153462
87879
45974
41689
72165
125270
177078
208689
228920
250132
265446
267923
259183
240535
203993
143043
78731
48727
72486
133644
198156
243459
259855
236679
189055
166732
199850
253020
264523
222463
167077
134998
124200
118517
115427
117820
123303
141238
186834
257439
321968
338877
298992
236356
185084
155062
141621
146133
162499
169691
161267
158190
185377
236495
273070
267826
239920
226145
227413
222550
201324
164240
123750
93775
70452
49910
43258
65795
119974
186605
234605
247077
228346
196297
169955
147253
121232
94297
68227
45085
35392
49051
88140
141048
188651
217339
218681
200174
178660
156327
133683
124527
130438
135514
133014
130952
141883
166725
197644
223763
225359
193963
141891
97028
89313
126403
179836
214399
230045
234292
213375
171260
133477
116624
113648
112089
125818
168991
221085
244969
222639
169444
129164
131884
158989
176131
165741
131599
100112
94704
114325
137026
145974
134741
105009
75855
80954
123436
161763
168223
161040
160979
162777
148600
111425
74865
71154
101454
141640
166418
166652
152271
143667
159956
198546
229551
231001
206271
173454
158691
177678
218533
249712
245886
223850
224999
252009
262941
239099
211231
214381
248429
280880
290541
291904
290824
265785
216015
174707
165144
170801
169029
165446
176111
196305
205330
198825
192488
198812
207724
196848
158494
112878
92721
112619
161948
213376
240041
229624
186740
132591
99719
105628
140641
183652
212293
222554
223711
212442
185065
158581
157540
181123
200899
209211
226403
251473
260769
245459
222713
212729
212851
208557
192667
173089
166642
189417
231232
253883
227527
165555
112651
109360
148999
184465
193123
188635
181401
178165
176575
172174
158422
133290
114111
116462
132241
138586
128385
114359
112518
122499
135716
143113
135369
104879
54354
12586
13535
36114
69521
86005
98847
124793
146874
149529
135884
119682
113120
114663
111991
91729
58847
32623
29748
60868
122594
186725
212712
197405
178608
190597
226316
240097
195506
108276
33921
20879
67573
143077
209651
253642
264581
242188
202858
160716
121323
94134
89663
109974
147920
176780
165575
118181
81230
100505
166725
223560
229415
193206
150913
129694
123423
123095
132431
148507
159158
164302
169710
176072
182079
189825
212872
252267
280802
271651
223307
160475
120300
123376
153569
178093
184305
186603
206416
241122
269281
280432
282348
282668
274013
246092
211085
181359
157405
151191
182964
238941
276337
274969
253619
243976
256316
282759
310223
316915
291598
247068
215420
211507
217250
206021
182972
186059
222957
267229
295918
303440
288680
251174
203708
165619
138760
108714
76564
71988
117340
194123
258543
276511
247865
195524
146980
121494
117609
119205
118409
132747
172660
211600
215310
191517
188213
216116
232909
206486
157224
124124
118255
132220
158990
187379
198995
189182
178343
177860
179993
164439
126073
102904
133434
205174
264083
262383
196417
108027
53634
56072
91438
124074
144546
163251
178043
181139
164495
126187
83923
59472
58658
72885
93097
112526
126931
136782
142520
137284
109355
63815
26972
23612
60908
123215
168086
177813
179030
189240
192729
177161
140311
82661
26108
18471
71438
158660
212716
206012
167736
148715
162024
173000
147969
106069
89900
114242
175994
256935
307165
281918
194656
106889
64777
59376
62426
62386
74029
123940
209086
282487
304444
277351
227158
179349
145704
117715
92183
87404
121576
179699
226888
240311
213241
161917
123250
122929
148739
171384
176237
166114
163441
183933
204722
195118
155128
108929
81420
90629
141189
205691
243306
245375
240000
253388
287288
311646
286449
209125
129636
94743
112361
161589
214266
246000
251758
248403
240704
207924
153983
123749
142706
192814
239678
262827
267069
261865
242505
205806
166057
142801
142606
161588
195072
227629
236706
215338
178128
146133
135438
144831
149448
129376
105704
111475
148853
193250
219035
216069
188475
156627
149460
168915
189143
185045
152777
117693
112610
138387
166043
173353
155336
121939
101086
117424
164252
205030
219381
218572
207909
182791
155211
149497
162700
172613
164167
136619
111716
119505
159484
191521
188048
178567
204202
251874
277510
255174
196125
136844
110991
122368
155397
185758
192302
173694
155438
174601
224567
254699
236414
190906
149837
127170
122943
122625
109272
95856
105574
136531
170900
199474
217024
214048
191672
170685
159161
144762
131889
138904
172488
221305
255242
249141
216771
195985
197913
207115
214074
212287
198337
183984
188054
205951
205298
170312
124686
100511
119391
179395
242244
262935
238360
199088
177999
182589
187011
158684
93265
34715
31328
84889
155844
190062
163167
113837
103215
141653
187605
203343
182248
146957
129278
142794
164666
156245
112670
67076
55543
95303
169982
227188
219779
163595
111005
89066
98849
126394
151264
164949
185677
226893
258141
245133
204453
173063
160232
154341
140512
124131
140195
190025
222971
209272
170635
134830
112645
117382
155146
195912
194494
144770
96055
97250
148491
204568
210503
162785
115292
110081
142350
185454
213496
215210
208890
223999
259306
274423
243189
171726
88169
46578
81836
156616
204003
204762
195986
210665
246371
279167
275395
224813
161978
131282
146238
183732
211056
209610
187976
179202
197661
220979
222176
193750
154028
138590
171097
229201
257893
241537
216364
199637
177911
149845
125610
114739
127603
161373
198779
228056
236104
210921
173370
161953
183151
202782
194059
171949
168784
190076
220259
233928
213727
174330
156571
184279
235141
257651
222070
153853
111487
120431
155503
182438
190827
176030
140934
128552
173430
240346
267656
240491
189342
145159
109597
75100
49140
40189
51439
82621
119300
143856
144430
127235
127581
172252
233204
254108
211892
130772
57571
35961
72467
126307
147584
136209
127983
136440
149892
155602
148703
134358
123867
124915
139575
163013
180602
182007
175975
173957
168648
142099
110280
116345
167010
223520
251092
241014
205994
159816
123614
109339
114895
122865
116334
94333
77632
83446
101480
111693
114246
120945
127504
132998
149983
176076
185847
162931
127163
117990
142802
167838
166352
147330
122222
90558
63347
69795
114632
159640
172138
163243
162806
182202
214195
248781
273388
270759
235386
186490
153533
152316
172304
190855
211907
250570
287099
280398
234136
198860
207597
248075
282388
285320
268988
248978
217182
166876
124562
126119
171027
223930
253497
251148
224868
202012
200471
209019
210983
202505
194109
194627
203408
209429
196302
161446
125537
113222
125404
157602
212636
261932
267400
230519
180000
138005
117644
125535
158524
205222
245120
253310
215824
160071
137053
153264
178457
196061
215330
247654
284343
304802
296671
272617
247490
217330
176361
144376
147693
168456
175243
185629
227301
275739
290490
267799
234134
218226
214230
185172
126905
77935
70982
98531
134005
153452
138206
89529
43543
39300
87726
164306
221676
220602
161549
79360
17874
11477
23698
55823
97270
134651
151306
146493
142352
163276
209123
243961
234935
186076
120961
65339
41867
54313
92006
142630
190846
217940
213748
190152
167454
148571
140667
154064
178142
202071
226121
231911
201137
153286
123202
118216
128821
149408
171049
185503
191549
187761
172904
145277
109752
78345
72015
102841
142566
146370
118134
99501
106244
117374
119172
120087
123780
129177
139941
148197
147108
151364
170676
195263
216846
225843
204869
159201
129661
143263
179762
201110
191312
166886
160697
184541
215960
229542
230491
224798
196042
153437
136967
156165
178107
175883
163959
180215
231169
280595
281353
217673
132466
87234
104944
168874
238031
264778
233477
172492
122812
110910
139863
186009
214854
226380
244387
265327
256502
207077
146560
106155
94920
107663
136874
176795
219226
254439
277854
287957
275847
234767
175865
132513
133852
166961
196110
204258
196251
188358
182138
160516
115862
75801
93293
182400
286738
337327
313595
246474
179768
129853
89018
57677
50403
73173
120302
181260
234709
250227
206102
120322
53407
56485
107298
147171
149295
138058
154925
203555
248660
256048
213711
143538
84821
68971
105212
164289
197719
187603
162554
154788
167718
179782
175850
161228
148870
146482
150289
156629
169531
179428
173042
150815
123828
101515
94470
110688
138532
165848
195136
219150
221255
196917
165870
151793
141192
114405
90033
95907
134630
177938
192978
184915
181858
190582
197778
201312
207123
210651
195872
164340
141270
139768
150843
161490
170045
178961
192774
208994
221715
229141
228783
215210
196357
183721
184457
196334
207589
211234
206879
201112
207392
220021
211519
175347
145992
152409
176985
180684
156149
134267
140710
172826
204016
213538
207117
199131
200582
216530
239446
258552
260975
237324
190813
131704
74915
39936
46928
94154
161910
222571
248160
225876
173650
131581
125425
151827
185845
202492
193863
162481
119739
81314
58540
57008
73443
101941
138949
171589
183585
175694
167967
171682
181154
182682
165519
134939
112133
111647
129269
150779
167325
178398
183516
186395
182219
167405
145832
135293
147064
177782
203413
198168
163718
128826
122213
145662
175549
192714
194983
186979
175104
166509
162245
153536
129932
107885
130428
210048
298625
335056
297538
213872
127109
69155
63764
106269
157861
190684
212444
236696
257347
254590
217043
164372
135869
144510
162373
159690
139064
130186
158867
226535
300756
327148
277513
177921
86820
60663
111332
193339
249428
255960
230096
199752
177561
163582
149014
130352
134488
184082
250504
283047
267125
222734
184354
170997
173703
164639
144457
152049
198245
239979
238344
201380
158174
131094
127966
143839
169534
195249
202356
184685
162445
152771
141060
115872
101784
127716
170744
183714
161678
135622
129215
150802
191959
232689
239482
178350
64839
6402
22398
113155
208895
240838
213466
154120
85080
34648
30343
70764
128578
171538
184753
175654
160155
143556
127092
118814
128238
159974
209317
252116
245065
173367
84817
46560
83759
171706
255049
289781
266038
205902
153128
134925
151918
187321
206070
190707
164990
156711
166401
179654
181618
168650
158689
171180
192106
184050
135151
85265
82908
134108
203958
246055
229866
164115
91389
43392
37580
79619
135481
166124
168489
159116
147083
134006
132124
161673
219965
273765
285883
243890
174488
122988
111449
128946
152250
164159
165098
176120
217636
271200
296408
278230
236745
195779
170565
172993
200940
231941
242234
220707
181463
158412
158419
163184
163442
172279
207198
250616
266323
250383
214058
164277
125181
121279
147042
168829
156911
123319
113105
143698
185262
203304
198583
197422
208669
217828
215003
196563
170233
161132
178918
193571
188001
173066
163708
167108
178089
189059
195562
193031
179588
162054
156728
174825
198790
198111
177865
177588
210546
243859
240943
208568
184106
190865
221288
249555
249154
212753
151717
87717
54957
76683
131675
181410
211413
222333
217294
198558
166533
128097
99323
95279
124037
176039
219370
224301
180906
114857
72569
81638
127220
167654
175418
152665
119890
103292
117583
146426
162389
166284
168918
169418
166088
157603
135028
96978
65166
61255
88820
131242
161007
170504
172940
184885
209528
223685
211136
176890
131518
96092
90469
109081
128931
141442
151887
158584
155527
148150
150991
171182
203044
234088
249495
239173
204419
152042
93189
53393
45023
51456
77680
146153
234865
284696
271327
224552
180604
153263
149762
163458
175892
180852
176018
154765
130968
126050
133320
136293
142087
165138
199088
220017
213276
183729
153738
143455
144012
138365
138175
162159
192942
203873
201856
204224
207423
200306
181923
165365
155561
144872
130146
124222
154233
221752
278688
290540
277781
266310
257723
257569
267058
260580
223803
180635
157410
154579
158184
148385
118553
88710
84862
118134
178048
234641
253274
220097
167165
148118
178291
222150
240530
224290
184530
141327
117871
126721
154927
175255
172649
154526
147145
172207
210716
226344
216177
197731
180948
166385
150542
134484
123323
118912
120107
127791
151118
195087
234091
236752
204087
169463
165420
190980
220084
230860
220872
198685
175450
158867
152657
157929
169557
178663
188371
209844
236905
252869
252439
239629
226419
221760
215344
190314
150506
116379
94391
75007
61532
66061
89001
118149
142648
159133
168379
168202
151664
130868
122626
115575
102092
106931
147906
197734
202921
148020
73772
26224
20354
46230
95294
140130
160844
166487
179695
205193
221531
209756
179017
149582
133055
133507
142267
147311
148174
157064
196259
252021
273408
238580
185685
167625
191776
219882
218608
182049
134315
104520
104902
125466
149715
167351
179890
196921
227538
267281
283973
250296
182140
129856
124856
151667
162966
122454
53146
22516
60577
142640
224559
273133
274722
231895
169280
121219
107985
130466
171969
204612
213014
197571
157142
106837
90386
133586
201924
246075
254725
246690
241164
245322
248331
225075
174392
128213
108006
108609
129451
167952
205160
222160
227314
249143
298646
342558
333222
273675
221487
216472
227126
194586
120814
61673
59508
118698
202265
248101
228108
175339
137346
139564
177589
224654
251517
242748
208415
170904
142637
119729
91803
57487
34839
49572
101370
163705
214167
240785
238973
213105
165088
102308
52655
53090
109912
184796
231153
228683
193397
161700
161087
173960
171380
157434
148715
159795
198680
246184
263925
229999
167221
124610
132175
174205
209199
208178
182392
177595
210598
246937
248295
205618
142264
103686
120836
175909
219291
228309
216332
201521
188136
176652
161751
135999
117548
127355
162797
204938
218466
174971
96137
35757
26086
50925
80964
101588
116193
133265
160032
186093
188790
161990
125692
99789
93127
107796
130514
147042
163973
188289
198908
168879
103684
41956
24403
65029
142266
208693
234893
224016
190069
156566
153751
174158
165152
106078
47907
54395
137496
251430
332467
351581
322156
267281
196450
122755
74008
65354
85938
129106
182156
205399
176441
124456
88999
77242
82949
106803
144434
172868
177472
171532
178712
207322
228892
199325
123795
58202
43402
71603
112886
142101
138242
108947
101215
141441
194777
217578
211872
200703
191603
179832
165311
163358
193471
243295
270498
265502
256574
245406
208849
160818
154041
196251
234782
237219
212708
183980
177734
209736
265297
300419
288518
238662
182889
168926
217857
284654
315482
312537
298526
269022
223975
183879
166226
173190
200029
232722
244300
226836
204250
184860
175236
185585
203240
194113
155468
113463
91657
100974
138312
184692
206917
196217
174755
148280
115387
94092
102459
136165
178942
211725
219679
207046
185850
161350
139791
135264
146370
142110
114520
108511
161512
240796
284756
270227
217940
172940
169738
192881
202087
187011
169702
171311
193623
217971
208740
150091
84565
65487
90744
132864
173782
200260
205677
201987
198768
181602
135599
77374
44470
56689
100468
147860
171046
155762
114261
71286
49032
69887
118029
142757
133072
128382
148140
169979
169721
149736
128665
115948
114650
123467
133086
139349
142855
141674
141594
147196
152172
147497
133547
121715
128912
159074
190658
199272
184705
182183
219306
265069
267500
218541
153264
113836
115354
139651
159373
169087
174133
182866
202729
228233
242948
232045
202864
182164
184238
201947
209262
190625
164462
154426
165347
186063
199296
192494
175122
170586
184123
202294
214987
213989
196897
182189
187825
199454
189336
147698
102833
91688
120520
161949
185770
185401
180464
188755
210829
234446
240189
214718
179378
171589
189458
199399
183283
151219
119664
104279
121050
163882
196780
200888
194510
201522
229885
262629
267946
240284
206310
187889
181171
167436
136067
101629
93392
129629
189805
226263
225301
211533
192240
168332
163331
188250
216840
221012
204410
182036
158265
137448
123240
114165
115060
130015
150182
173027
201452
209747
174467
120476
87334
76323
69689
73984
98745
130341
154785
170094
169812
143321
103337
77261
78425
104103
132540
143852
148547
166052
182958
171291
140875
115148
93938
89520
129740
204019
259091
258960
215704
158581
109757
78025
63871
74582
121256
187486
231010
242862
247746
255788
254839
243542
229843
206892
172195
138771
117268
118102
144521
176041
176462
149296
137523
156202
185818
205518
207611
206314
221251
243950
233662
184251
136147
113824
109971
125370
169173
220836
251845
261408
253953
230879
196957
156184
109243
78089
93419
140409
183395
215308
240056
246639
228606
205492
198041
204008
207783
194909
163553
135711
141585
177006
219247
252642
259489
230600
186505
167806
188277
218424
227908
209991
183524
177907
197584
212579
205063
186480
166783
153468
155839
168578
172017
162735
159813
175991
203268
224963
221435
179162
121114
88950
87494
97857
104631
96590
87095
109450
166727
219544
229688
197421
148544
108190
98624
123285
152896
170128
186102
199923
204710
203737
193354
157156
108039
87318
108941
147633
174405
176132
164428
165766
183301
185467
158376
130326
115540
90612
55749
50547
92283
149802
191164
216536
232813
233960
207017
162344
140516
166028
204921
209626
188441
181195
187385
182108
169740
165715
166633
170650
182600
201712
216151
208027
182477
176625
215561
269920
276984
227540
176504
156189
153509
166637
194493
207216
184066
143330
127434
158716
215141
258066
266037
249007
231801
217767
197383
170158
136659
98365
75278
88408
128991
164708
175738
173796
183799
210783
240493
249082
219320
169302
127040
100056
85919
79259
74541
85538
128405
185757
216739
200442
162241
145049
165349
203200
221657
208465
184612
172293
163264
134663
93252
72677
88180
125562
170914
220979
265283
289693
296952
294938
280827
243310
179470
108136
66150
69813
97770
130056
170387
215095
236896
216014
174948
150220
134793
104597
75681
80457
124496
175873
190065
160214
121989
104945
104313
105275
107277
115681
128498
139859
144664
137524
126462
126125
129129
118828
103858
98557
100167
105590
120088
148787
192102
230178
234044
197247
141630
106461
115291
147974
174153
192813
217509
249561
277902
285004
260482
210950
153299
100949
59814
47818
81886
149310
217530
255519
250184
209682
154921
111932
108153
146637
191601
201841
174862
145341
143244
160983
169637
165691
166912
172274
170144
157238
141870
134839
139076
152566
174713
191343
184070
153873
123547
128628
171157
212617
230820
229638
210668
183078
174943
203990
249829
263014
217507
154380
135644
168190
210706
229535
239055
272038
314035
317018
272257
217863
190307
194027
207030
210605
200008
182315
182900
214326
254260
270183
245530
199579
174328
191271
230051
250943
224841
156724
91895
65908
80489
115003
142961
156985
172454
195996
212064
197266
147635
93776
79022
116834
172761
185236
134394
74312
60663
95793
150625
182174
165682
125990
107556
130172
180509
220995
224227
195830
159595
140356
146435
168426
198428
231365
263496
293902
310936
283652
204029
116865
85966
128259
201768
253920
262715
242024
227838
231465
216471
156303
81530
40257
63524
141701
218290
238868
203431
161010
151569
160123
150216
110422
61478
43092
78220
136014
166024
153108
119361
94080
87699
90747
92701
92873
95391
103918
117186
130925
146554
153914
139510
128694
147465
172323
166220
129424
100034
111693
154198
182886
178721
161187
154642
169133
207126
259261
296860
296888
267548
239480
233072
239934
235249
204772
172065
169245
201838
243338
260186
243655
220374
220087
235411
224359
162800
82860
35739
38258
81717
149104
209164
241307
244767
229483
207874
177791
130300
63551
11712
17017
59554
113446
140796
141063
130506
126991
138974
150749
144806
132749
139979
170938
209005
235173
228628
181368
117705
81857
97716
150331
192481
185281
150677
153917
215061
284215
310669
295802
256826
201479
145636
112267
116278
153648
199126
220837
221000
226763
240657
240502
217794
184104
149723
120568
107733
119842
159620
222915
288650
311803
269139
189534
118236
78729
68662
74975
93677
135814
203440
259387
253340
190818
125116
91998
94269
129757
181827
219752
222570
196421
171061
166654
171094
152917
104700
59461
61773
125012
223941
314922
357970
343025
291625
229732
172561
131460
112486
107457
113476
144440
200258
259407
290207
281971
243200
201602
190642
211798
224836
195321
132629
73110
54047
92661
174357
261774
316517
313733
254005
175845
130270
125916
130392
118817
100450
98558
115574
138128
148314
133741
101407
73364
71117
96592
135093
173161
196617
190414
160585
131909
117708
106993
82304
48968
37051
71247
141734
212262
247998
242401
212579
174814
148559
151320
171873
175799
154252
130396
128476
151370
176214
177967
159565
150076
169940
207117
240528
259071
250881
216758
180822
161925
146081
112648
77505
75514
115934
173436
209933
209459
187222
162766
143735
137139
144175
151555
148673
149471
180411
229865
248411
213573
153149
116610
125635
155214
157202
112274
61170
57489
116043
204382
265443
266054
233743
221395
230848
218277
171214
120539
95293
110243
159529
209635
217460
171622
105039
74353
112767
202673
292712
334233
324644
300455
285130
269290
233744
173838
115652
93988
112898
145131
169579
189131
214286
246977
286140
326170
335527
280924
182681
106430
100359
149705
189313
176740
136033
108842
104257
121754
166468
226032
264796
262467
238767
209992
162951
93305
37635
43359
111764
195612
240066
217830
145965
77441
59776
102009
165921
199585
192853
174837
169831
168464
152621
122382
91743
74693
92897
148273
204235
226052
225230
238977
267849
270438
220310
143647
89258
85847
128907
195148
255288
282554
265558
224562
190119
171227
158098
145162
135060
134051
138240
142380
153847
179539
207920
218817
206984
190315
179905
165707
144928
127664
116539
95741
46864
6014
6341
18645
86703
177964
240662
254211
224253
174896
134029
109051
91749
80831
85802
104679
124761
139850
151252
161378
169990
183204
210367
250454
280657
273276
232301
191651
175590
168161
149953
136631
146649
174747
200920
219020
236125
246009
229430
188413
161630
181751
227731
248124
227158
191498
160769
136957
123332
121528
125406
128349
122493
96269
67293
75178
133150
211707
251561
230230
177601
131760
107479
101616
115215
152027
194811
209662
184217
147971
136709
147138
156668
163693
172641
178997
183042
192637
219493
265076
305724
310540
270332
209871
162018
135738
125550
128140
137325
144877
153575
177100
211058
233036
224086
187177
155925
164342
209128
249215
248622
212458
173324
156407
157085
155115
137554
113301
107911
134058
172074
193267
188299
166271
150054
160056
182796
193409
194798
196594
194382
170009
120618
71690
52206
78415
136948
188073
204172
198869
199639
220667
259603
298273
309368
277104
216843
161395
127138
115356
120981
132490
146814
173423
217030
265877
295673
277539
205844
125253
95219
120735
150137
152375
147577
156351
179577
215778
244102
230278
171702
101741
76880
129084
212139
243051
200847
138053
107960
114571
136189
163897
190698
198734
187152
175596
177114
185913
181214
151507
111489
95486
114312
142806
159557
169646
189273
217725
235396
217213
154820
94519
94664
145374
195553
213399
196714
162020
135326
131500
141318
144141
140316
149334
172298
189758
187234
157569
109471
74064
74229
106482
156790
203891
222711
214076
204735
204936
192343
151201
103503
74206
71247
95136
135082
166816
169933
147971
129571
138399
168457
188507
176394
151985
148177
169718
191015
190561
172113
141542
108261
88827
88290
101171
118161
132670
146001
158257
160253
149903
142478
153936
183017
208356
217165
207451
171060
109463
47642
24753
60252
138872
214685
241331
220417
192622
189563
208930
224302
218832
194576
162405
146864
157888
180760
200771
207321
195563
174703
159596
152410
160975
192679
234662
263237
272120
279385
294876
293332
247785
169703
104563
92797
134382
190684
230333
251020
255039
241796
223871
223108
236484
228973
185425
134122
110633
124381
159875
182458
171555
147204
137390
156025
192904
210708
183787
131595
100150
114005
157331
202283
229661
224477
194100
177818
198400
229111
236081
218813
206973
220271
238853
228692
187904
147010
134274
149147
176920
215489
260132
280454
263992
239276
236567
249065
241272
197043
145975
127187
147535
172921
170680
153461
150364
162284
168475
164388
158871
163192
194629
246672
283282
270889
209264
129219
67148
51020
88495
145978
173644
157481
122805
95556
88225
100482
124676
157336
192934
216240
216011
202676
191917
179971
161718
146220
144118
145182
132745
111251
98370
112613
156360
205121
230794
226346
206869
182447
153007
125916
109839
103991
112476
143876
180511
194197
183820
161970
138724
125723
122385
108765
78771
62954
87665
140052
184773
190573
155913
105922
72803
65692
70003
82688
102800
117212
125470
143893
172614
188165
180207
167299
168305
179454
193910
206716
204141
176938
135023
102032
97951
120074
144519
150023
144066
148756
174446
218217
265011
284914
251231
181623
125511
109546
130753
176673
220592
231816
208718
176120
159290
165774
188416
213709
228631
239049
254450
255534
220932
162711
114059
95985
112728
150926
183127
190194
180797
177837
199448
246446
293110
300319
255291
181282
115834
82752
82388
96390
108586
129705
178660
241394
281020
285302
273332
253152
219362
179055
140694
106506
79187
71686
104197
170193
221639
215770
170965
147585
168897
197227
194983
171872
157535
168036
210234
267518
293865
256374
185526
138484
141327
173902
207332
235443
260912
267521
230047
161470
110177
100286
114582
132986
159530
195142
217425
206087
169897
137149
120232
112910
114843
136716
172896
193578
182920
167128
173024
188104
188663
167550
127792
85519
63409
70253
95386
122500
144407
152149
148873
144140
138660
131490
127005
124717
116464
109484
120893
139229
143071
140137
150935
172463
183715
164819
123106
98571
124959
189495
245195
270515
274254
260476
225135
170973
118190
92909
112838
168428
224646
261905
283816
289280
273212
244479
212923
172524
128331
104177
107853
126689
160064
212024
259912
269847
231346
172862
138500
147022
186145
226057
239895
218403
171106
123207
96347
90341
93632
114985
158404
189956
181963
147853
122717
120463
128511
126912
112175
104530
118520
147832
177130
198350
214175
224717
231996
234526
217359
177325
135585
106683
86315
75518
87318
127816
182576
230853
260748
271046
272205
269173
253333
224655
192634
164413
143695
143353
172098
206374
209761
185603
175046
204032
252011
276262
252047
197873
154926
137809
129168
119270
106896
82950
51084
37396
65026
130877
200406
229228
201653
154734
133664
128950
107294
73079
50291
55819
91282
141853
188429
214327
211155
191835
182280
196357
213623
207309
179150
146539
123649
119337
136124
165125
185960
199491
233318
295896
350427
355616
314459
263825
229972
209529
180763
135678
102152
112939
173775
264078
335003
343583
293611
244788
244640
272902
268371
201082
102559
35913
34275
78232
132294
173796
194987
198870
204263
225814
250713
250374
212347
153050
106587
92684
91933
75124
46411
42686
93778
182382
257199
279082
240482
168740
105132
76549
83447
104971
123567
139587
163264
196465
213828
194307
160873
156531
188443
217087
208168
166074
127293
119197
136390
160644
176919
175808
163352
162630
184595
206233
206367
195173
195872
199933
180112
138228
101957
90474
95348
100716
105714
109498
110967
113681
133932
181443
229712
239211
203530
152005
108646
71789
41956
25692
29611
55291
96857
137728
161872
169655
164822
159607
168093
179165
166912
120902
67773
52909
96071
164056
191758
154390
91358
59066
79599
132361
186812
221394
234586
232352
215678
182201
137568
104246
97381
113977
143680
173468
199950
223608
248225
272252
282544
271077
237574
199908
186236
203795
228234
223490
182540
137636
122956
135149
144971
136660
123193
123547
146174
191989
250298
290544
280131
220887
161602
147079
163084
159927
122718
94887
117700
185330
255810
279994
240167
158792
81062
53797
82092
133503
177007
201619
212025
219638
232025
247702
252868
231406
184256
139784
131011
160262
209015
264252
315107
334422
301530
236872
187078
184902
227737
278669
306364
311189
301151
278210
248065
225540
219065
218714
222419
249052
294289
313491
282544
224027
182254
182326
201037
199909
172984
149681
144836
142150
140195
158267
186503
190913
160447
114341
74722
56716
60871
74291
89566
110334
133501
140963
122994
95368
81125
82762
84061
75899
68199
87622
139012
178149
173608
154681
161595
195876
234707
261802
259402
212667
140350
96814
117496
184815
239670
233112
179273
136168
137010
168668
204652
214215
175659
111183
77750
101138
155263
203120
226376
216241
178326
137274
110222
92582
85398
90618
102203
122931
142264
131202
90528
62971
77180
101586
88811
32140
6013
7807
30177
102532
170044
199497
195217
162396
99599
23896
6319
11004
64531
189423
308092
344935
285014
185390
117306
119649
181042
238926
250771
233134
223969
243083
281685
311725
307560
268548
222466
199125
201357
203673
190571
176611
189801
228926
252781
238652
211913
200113
201802
210550
220989
214955
186387
162133
169157
195477
205927
176517
112282
53005
42578
81546
136355
180273
196055
177503
141946
120015
118056
114779
101763
103386
138392
194640
245188
261031
234237
197199
188656
212505
240611
241465
210460
174507
187316
261980
334383
333536
260232
170907
119638
132056
191842
247657
260756
237787
215186
218695
240401
255662
257917
262671
285369
315488
316705
265690
175254
81215
25088
36131
96818
152049
169966
169929
173776
179920
185673
190985
189944
182698
173687
165728
153168
129137
89367
37343
9214
17429
66223
137406
188282
211392
214404
199990
167547
113987
53335
20138
36323
87310
142984
187601
214220
213141
191595
170456
156731
147320
139934
130334
127823
146523
179318
197125
188794
171819
159829
153894
149301
144508
141980
140648
146139
165975
194433
223780
240016
216865
151410
85294
57235
69584
101965
131122
152132
173202
191625
187749
151509
103578
62777
32981
28704
55876
93905
127605
156372
176017
182931
173439
149382
120482
93723
70524
54818
57500
90146
150319
211893
246340
249770
227295
182864
143009
135372
164162
213074
259270
282941
271737
240500
218637
207092
195441
192333
206969
241735
289724
319569
307228
262540
211725
171216
143908
130706
134153
158215
202275
257233
303061
315155
286571
227668
164322
132051
142489
169787
185808
184211
178318
178584
176852
160668
141791
145859
181457
221084
223330
187526
151959
148064
168482
180089
167686
143049
123243
117799
133883
167725
195550
198987
183295
177399
203200
248607
278141
270183
239344
221798
226016
229786
226115
217611
190453
147066
129832
166229
237041
290876
292155
251400
203625
170457
148396
138441
158317
201207
230371
226255
204415
176166
143226
120015
124091
147186
160866
146075
116524
104329
122252
148586
157421
153312
