198909
225253
340643
445500
423112
262261
65586
4568
5946
75424
225380
309966
265007
163043
123078
183242
260103
255707
187780
157809
207576
258207
236080
183897
163519
178008
190427
185321
193854
234344
259051
219614
163497
173723
239191
277748
253578
222788
240040
286087
314160
299105
229690
119413
45885
83894
202364
288663
280981
228969
206358
234339
280915
282285
236851
201826
194764
178009
140445
137538
196234
266787
307332
306063
260874
191487
145939
156583
193102
210326
197355
177914
197878
275581
355075
361273
270342
133825
37910
20931
58835
134726
232820
316246
336006
294683
243850
211913
203749
207397
200573
192976
207442
242435
253988
212514
158367
143153
161544
176724
170075
166787
212871
286992
329661
326367
300852
278666
272379
274900
262922
200936
111407
78537
150827
279435
341352
262233
125886
67939
103609
154111
183954
214143
237071
229727
229681
288234
359844
350844
241512
119041
86047
141683
195976
189966
157264
152091
189720
252432
290598
243905
114693
15327
44631
174405
312528
395029
391219
303352
182452
107958
119163
168180
197328
208982
242053
308802
361814
352639
288974
211405
156851
143463
179302
256258
312709
287655
208406
146109
129956
133140
123704
117525
157799
241398
315101
321884
236839
122205
90023
179222
320562
422121
432642
364656
278224
204223
135329
71212
44026
90472
195106
307451
364701
317796
198259
116364
156044
273438
328442
251295
138602
105075
126988
135367
135759
139270
134293
166854
255402
301259
233095
127563
94966
152890
240594
297477
309076
294195
269392
225811
169211
128320
115299
135112
186007
244138
276150
263694
230294
220260
233962
219368
164624
118374
142609
237196
338185
368903
321166
267311
238333
200735
149574
108882
86534
102798
171714
256716
301960
301311
301455
311396
270358
144954
10449
15622
145590
303800
352350
327385
309991
303630
283082
254104
215917
165531
146353
180585
215708
204287
184886
222869
310721
351926
259507
95040
15976
77538
192235
266878
268262
202384
140126
145300
199572
256084
291180
295165
274811
270114
300517
321038
295855
241942
204762
197566
193505
199543
242477
276193
232329
140542
100420
151947
234776
264036
221563
171356
162739
183645
204730
218032
213052
207106
259939
342479
336596
203981
60554
14441
73687
204011
305343
320223
298957
271092
209074
124529
78994
96303
148273
207798
254174
276227
271083
235441
181977
147044
169002
241865
305223
299840
225920
137462
97325
127273
178210
219971
269961
316378
317433
267085
225519
216269
172544
85703
45561
100245
203353
278527
293468
267688
241222
241899
268659
304558
326753
284070
151244
16794
11381
88120
220329
351615
418149
369259
251845
177723
179111
207812
223494
224834
235782
264554
295859
299335
254334
163202
64135
36553
104471
190467
241333
276391
275204
218958
181728
217545
282737
321565
305236
255593
223628
229392
232059
176303
92104
67498
135044
237432
289958
267375
224761
215634
238103
270342
298959
278605
171906
34127
6258
51394
155422
228023
251321
274244
319292
354172
351402
300462
214568
160353
185306
230459
211045
154186
143979
194541
233973
211051
164572
161723
220341
285170
289250
238694
185717
169829
206489
278321
337709
340117
281354
198981
146293
144150
185361
252626
294531
257505
160257
91601
90753
123445
160472
190595
209799
218126
225446
230876
207716
158746
135732
167996
233430
282566
279586
223734
166100
172955
267046
378182
404182
343231
270076
223179
194642
175191
154992
124285
102231
119788
180134
254091
303533
312607
283556
226683
161856
130945
147401
160473
146903
155454
216494
285564
308703
287668
262794
262939
273119
251169
189025
123711
103693
148991
235486
293263
249527
142116
96435
167607
288230
346284
298529
205188
146294
142226
164471
177514
158996
117039
114367
206932
325513
333983
233517
151220
158308
216286
251393
225261
175291
173721
210745
224620
213288
218804
248603
270126
248164
170848
78801
56398
125841
205811
232854
237447
269039
308000
306725
280435
284182
301350
253663
139758
66009
108692
204667
243246
212405
179831
191059
250516
349156
436196
421761
266248
52741
4545
6601
60744
153643
228362
310697
407666
444498
364842
208912
88863
109053
282323
496023
524160
460962
163386
4628
5241
97947
248553
298497
256543
185587
126737
124300
188641
262640
300251
297348
262462
210188
167207
164926
218802
278250
274815
201364
140098
169773
249196
288243
273736
236672
194316
176965
209269
260280
260568
190929
107425
76311
113231
186127
252212
299141
319904
299590
249508
209188
199441
192726
164189
147456
184972
263733
332020
351571
326062
288308
251832
212831
178275
138921
71639
7415
15971
110147
248349
330247
328461
274954
203298
161003
176316
204200
178074
97116
60212
152678
318347
395410
291592
111288
36759
136674
335661
471986
421136
224620
39081
11533
102111
226686
302234
348728
394026
402538
303118
124589
20939
91444
247655
325281
271157
170805
131801
166555
225193
271581
275921
227798
166912
130972
145228
209866
281291
338964
378918
363451
281028
182836
114098
83919
75478
84670
115564
152664
193478
257830
326667
334353
279883
250981
289123
320159
247747
97181
13628
67984
191402
271963
260271
200150
180360
222509
272739
283948
253891
224851
226536
202377
108948
25653
63558
204334
314778
301986
211523
156587
194350
286157
344425
322381
265981
241808
269553
316164
314292
243668
151528
78921
41238
44072
74919
119988
187088
259229
283440
260015
245462
262706
266779
223645
170941
162203
181385
178230
154112
151156
186617
230464
239701
221062
232858
300301
378888
397305
308974
135911
4803
6035
69539
216829
337736
375617
328070
228903
154739
164388
241627
316821
332399
283882
203419
133029
119711
188636
292692
342325
300581
227086
195195
211420
230345
224065
211027
209336
202132
167812
131585
155020
232567
294957
295746
255856
222574
219859
261153
312527
279242
131698
4647
5548
92001
300956
457033
465187
349882
202598
111166
110652
179133
248649
259643
224782
192697
183306
187593
182458
176656
202001
243058
231008
133963
18631
6681
56711
189877
322410
385685
363170
285555
191286
115618
109078
206111
358919
451793
417485
279094
113165
5810
6514
53094
176224
304457
365942
326107
233254
172309
174427
219557
260291
240787
162695
110776
171106
331453
457293
407413
206104
17666
5716
45343
135802
217859
280115
304560
311239
336034
343173
279827
176076
97745
78424
101745
136722
175246
213207
249845
293132
328810
340526
318638
256730
182815
153635
191780
262126
300496
284437
239093
176607
101745
47173
53044
114230
182885
249118
328773
385672
385421
341859
288755
229675
152827
104635
130287
186697
199207
158680
126673
155867
253160
379283
460978
431630
297355
149487
70502
68369
111523
168752
212035
220858
198796
182875
202689
240627
256999
235546
195466
168501
171055
207734
259207
279852
247993
208449
212132
243798
241099
166415
56001
7733
68946
229045
358418
381722
341689
296333
251638
206348
175171
152860
133437
133834
138015
124923
147182
246687
349233
335547
208090
102304
115908
217849
299524
282045
198246
153678
207350
319052
399545
382448
256772
108544
67598
157523
279622
345785
356265
329283
255674
146622
65741
71388
141353
189931
185159
178677
199107
216909
238290
295517
352194
357490
322152
259611
154562
31561
5661
58511
233926
417840
469954
324277
84965
4548
11725
141072
335926
451217
392361
183613
4824
8142
136393
358139
473257
366526
106934
4528
14919
166745
348524
446128
441897
350942
227140
144826
147338
196586
217939
193414
170954
183994
220691
258026
273194
242131
184825
166089
209893
274736
325122
348424
340311
317932
291054
229675
105068
4608
4579
13148
132392
297336
391310
366073
259972
151410
93382
113819
206613
326868
408216
375551
233993
83945
17395
53266
155133
267567
336156
306036
180197
80677
140001
330921
487114
500579
411740
290926
136925
4737
4630
27091
133916
209423
205054
188400
226829
308932
366349
364845
324964
248774
132554
65762
151924
319220
390551
304950
176281
123874
162201
237513
290123
290007
244879
188899
164672
203436
283934
334364
310810
236459
157069
103206
94152
129330
175073
194389
204821
258562
338249
348887
229191
52226
5020
42779
182002
323214
384746
315591
150842
46740
115444
258690
325657
297274
249537
231287
212504
160571
100369
67274
74510
134896
241511
346121
371794
290886
178553
149081
227049
323155
343680
288112
222229
194643
187335
169523
144047
116062
100463
117877
180582
276320
362208
394196
366718
293518
188839
101005
71433
103887
184278
249773
241554
202453
216152
279910
296681
212444
113832
116671
221166
332109
362829
278614
140364
66968
118770
252039
359991
365557
266759
129226
44047
37913
74775
124974
180215
224965
255303
294712
340349
365236
339494
274472
230099
227971
216311
166827
122584
125257
143318
141841
163266
225063
263445
255089
271314
343546
405729
396639
321365
212145
111909
85074
142953
205106
192295
127694
111008
178711
268164
296850
261427
234081
246070
268380
266354
222201
153947
131264
216013
348190
378585
233439
9519
4542
5542
108582
308310
431705
427898
350647
273701
247791
269796
261730
148493
7189
8050
92444
229705
314166
326142
272930
192691
166265
235577
343971
388708
329752
217344
133131
119044
141487
142346
110468
83242
107559
199595
305625
347706
302390
233403
220779
256495
279794
275674
241667
165937
77789
56137
167416
355927
482993
482246
408694
312918
187509
83274
82996
147626
160779
78571
4834
7469
67705
208846
365011
463227
459107
354667
190844
56203
33308
126566
272310
390910
388363
225555
11807
4448
15720
128016
268528
348840
335788
244719
156728
168876
288622
408569
397145
255309
112395
76335
143098
234524
282908
259237
193929
163526
201122
260800
292870
311663
345824
377214
358520
262012
113531
4826
4727
15574
100964
215494
265587
214998
138761
148425
275119
430486
497965
423989
259698
132064
117519
175464
208963
171720
101810
76808
147017
263905
337635
344854
325044
303070
249996
156362
61163
12203
50732
189831
341117
385845
312061
199503
125875
114968
162540
245759
310359
321771
298783
257629
212351
194190
191232
168355
138720
136340
170052
232327
309182
353609
298389
141846
6681
17397
153221
350968
452991
399750
270129
182746
182825
228310
258956
250178
239271
249321
236270
178133
131653
145655
172497
173788
200817
258550
284995
274552
248397
200676
151924
157187
224900
302990
328819
262120
131430
44080
90187
231110
340520
343251
262669
171133
119467
107860
116895
146476
207269
273460
296537
265847
223473
196182
172522
150938
132411
117448
136778
198204
237239
208334
156393
154505
225692
326554
389838
359890
249730
160200
156656
204126
233803
205250
138472
87917
85398
134158
230318
337102
381033
314434
203354
138616
118341
130077
198016
298088
354625
342724
271895
172780
119362
152725
218892
236070
175014
75294
20901
77586
220967
358826
428265
408190
307205
187949
118485
106503
125004
148155
187987
265859
334128
310731
192705
69086
21995
62376
166131
291922
384500
427553
425420
365398
265082
189117
163900
163086
151519
104809
53447
70078
198577
390044
518349
516539
421771
300300
186929
77002
8698
43674
181139
320254
357590
286350
188898
146331
176659
235259
272995
268039
210797
119732
68596
121913
242791
324430
297896
194697
125464
143013
202073
243909
256082
233153
172071
114271
110503
170516
238867
261323
253371
269267
324334
343019
266039
154421
75315
35080
31279
72104
179152
340998
469548
458044
307016
145635
85416
140937
241622
274491
185750
42675
5756
74811
290791
489928
519477
384018
213172
138530
171792
235860
236564
151007
66934
69753
154354
252855
308027
303322
258364
218013
231325
298344
333768
262906
129089
48592
80357
166201
221315
215807
156986
94312
94009
180214
310645
387725
341693
216421
136318
154582
211643
253942
269276
238738
147603
46859
23546
90561
193973
266759
294359
306794
306209
264652
191902
155447
190611
253084
292458
290704
265160
249240
242406
215150
169048
117068
66646
56861
121893
237754
364908
457926
461822
342080
159435
64936
89421
132701
126406
79711
33533
37039
124710
294615
484169
524160
496664
332521
188613
102286
66015
94000
180093
252665
263090
236067
232380
262820
268804
223464
164240
134805
138699
141919
131476
118951
124157
179452
287885
390730
399466
285522
131573
85193
198407
372029
466908
400391
223041
49829
5523
60867
235580
384382
392006
282042
170685
136891
173472
231550
270125
236573
125124
60021
150630
324187
417031
389411
333489
298672
267869
232277
190341
137880
76790
64573
158124
298474
343986
247666
115821
65892
119152
202976
246781
237847
186012
119787
90242
151380
272735
352429
342807
270981
182060
118372
116765
166770
213864
216998
164382
101969
122721
245028
363329
367181
259884
146537
115515
159992
196598
169027
98388
73404
170742
360929
521473
522647
366907
168182
38588
9649
44147
127551
215631
279879
306354
284337
229828
187671
177973
188858
217252
249414
276336
295504
276322
216770
158179
126498
138359
200374
265740
277495
234448
202420
236175
292596
302656
247196
163520
113870
126860
171677
213039
233913
217964
181808
163851
164469
160286
167119
204403
240542
233255
201392
200922
243289
269812
223071
129426
92162
177057
310880
365869
311898
221772
184324
207356
242485
285054
336808
356196
306024
213248
136755
116038
151216
203376
240384
259060
251245
206831
166294
170552
207742
235390
234014
226248
243488
286929
310252
270147
194065
134788
105446
132934
241292
368519
410006
312095
132987
21115
67858
191477
240042
180659
95267
77486
163397
308601
404981
346102
149439
4615
8831
142828
372331
500106
426458
200214
4679
4538
60718
292976
491670
524123
399370
172721
6748
15922
138078
275100
290491
198871
121292
126682
193043
264248
300057
304265
295356
275961
249337
238785
255530
289861
322282
318276
271555
201875
159989
203279
281154
283012
196392
120078
143524
233326
279148
247268
196524
176345
178573
172131
153316
146931
165188
189066
180324
135101
110060
148696
217315
245450
213694
180924
211748
298761
352253
287406
145986
41766
34354
107921
209065
272564
267400
223028
196256
212603
253034
276500
248754
195322
166003
190911
256394
301802
288073
253942
242986
240248
220589
203863
228937
286477
335255
335081
255807
133912
58265
69902
149471
249909
328975
349758
281651
151424
45758
48444
175391
337443
403528
321227
165915
73255
113297
245935
363054
378827
277679
122905
20734
44337
179992
312987
304980
157894
15794
14736
106469
215356
231880
159827
92046
108169
217338
328410
337844
253440
180876
202392
297465
389750
406559
327124
219575
180778
219993
264309
253788
191267
124682
88670
106258
204184
360364
470725
452517
331537
193697
96986
80385
140736
200082
219312
235758
285051
335057
311019
216427
154445
195092
282177
300884
204267
64211
5933
32315
149814
305334
395119
353152
236022
154941
132235
126799
122465
142496
181289
192469
171246
172595
213035
253483
263712
241146
220638
235664
278113
302733
267397
184598
98709
50382
94863
237086
353564
337428
246075
184171
171386
167244
153079
150973
168970
171301
178235
252421
362975
417400
379857
295705
215386
154792
130811
173129
250915
263913
178505
94377
114661
211089
292445
327819
319722
263973
183161
142001
183557
263235
294523
240770
145212
78607
61399
85983
159206
231732
234918
188978
179104
237247
298077
291220
229489
169473
138336
140328
161315
197952
243879
258049
229080
192992
171454
145908
118296
134649
191861
244287
287377
336924
364205
311982
200617
148241
230922
367837
410519
305624
134336
33274
57168
149628
256111
339809
365982
355237
348153
343762
310243
239083
156602
76120
5584
4927
29053
152738
312208
416948
417118
347307
280230
262358
284330
306800
282207
203478
120431
83977
124417
215919
270167
233494
134667
51700
48962
116553
178064
174795
118654
75593
122573
258569
362337
337729
212247
87695
63719
155972
288991
355101
302736
198548
156260
221913
333902
378857
304937
195245
152384
185132
252341
299573
282514
210109
132845
92225
121826
220861
313957
316724
235681
150822
128650
173485
249055
323656
344200
260780
102953
4945
16714
111220
240047
359675
440057
419207
286223
143757
102051
162751
223887
187007
84311
38750
106544
233745
341251
374072
312537
190363
91048
79961
127969
170996
197946
225294
249677
264497
271154
286966
315421
330757
323452
301808
251567
162727
86725
82716
137925
197320
217759
201646
203069
256678
307826
308986
302757
311001
287088
212589
126225
81047
103921
185355
296066
385735
386021
282724
159883
105288
119271
150652
189373
237823
241541
184012
126799
123552
181471
255943
296967
300657
288506
264100
233860
219040
204371
159362
130435
175969
252586
256718
169297
95264
128353
236475
318927
330319
279381
193392
124728
128520
227384
346512
363330
248704
99647
31304
69122
146638
211568
262518
280610
242019
184646
174861
238257
322542
344311
285714
189767
99195
67176
120977
196582
202798
167246
195447
273917
299345
271084
275390
312736
308130
262011
225588
207091
187524
147160
94199
87381
155696
236445
277301
278963
253231
241767
296628
378916
382596
291525
189297
127482
83878
49012
61514
151840
273323
321651
247181
121356
69908
144067
292030
402177
395232
280216
118401
4936
6532
65134
187365
270350
273518
226250
200523
234263
303252
351348
323900
223478
127915
106667
161597
249280
323871
347633
306743
227192
159140
128364
119386
137415
218481
337691
404557
345917
195796
76029
89849
218126
329507
317532
200787
103397
132527
271069
404277
428984
342840
224857
130757
72501
77968
154776
239568
278398
248198
157425
74142
56370
99202
186874
299437
390215
402636
303268
131065
4901
7383
96204
268312
376769
345305
217612
103132
97204
199070
322004
368939
310665
214650
158993
166173
217973
280132
295182
242159
187185
178127
178811
173478
197064
255519
310002
315191
262524
197235
190898
246519
277093
238527
184242
154802
136365
114803
113937
155951
208118
226921
205592
169470
158399
173037
197123
253255
327890
368301
349106
265231
124689
16032
43839
177742
275575
248925
151671
100193
143502
226591
276412
285526
287918
288327
253025
196215
161281
143107
132231
152876
216428
269218
246564
174723
140338
176153
251746
326107
366545
343054
254471
145124
87205
149027
304535
409513
377551
279370
205879
169431
147733
131053
125117
149508
224851
321563
368434
341375
281495
225019
176104
138103
123324
146459
197894
234408
231835
198310
144872
97278
98421
164038
257748
323500
325531
269322
208717
207030
279740
364954
383222
318992
195857
63233
8529
35816
112691
182738
226015
267428
309953
303721
227447
129343
99730
194161
334267
369454
252372
96776
36892
80789
167333
249116
290585
294194
303760
340394
366422
318869
182269
31351
5583
59182
218499
370392
432520
390839
284355
166834
78441
47642
81125
140993
196106
250236
307438
344776
321030
229399
127191
88685
144495
249295
308390
267694
175391
132833
184149
264908
274969
201638
132005
123734
140980
134447
107353
114144
195837
309637
348684
276297
190472
197988
298828
401032
399695
290637
169706
101632
87602
115996
159846
187739
182747
180761
224932
301231
380972
432919
419478
327998
186181
54788
8118
45610
146536
221848
217000
181906
198071
268119
333124
352929
327363
261770
171999
91190
72921
165199
320383
396778
306905
120220
5089
14616
102718
210918
267363
285277
305743
312010
265815
185720
128787
143254
219345
273472
245671
186668
184843
259012
346676
367566
294094
186783
139181
163989
176664
123575
78034
116801
202805
265254
294002
304296
278349
214695
162850
177069
262186
350409
355399
258572
130851
61129
86822
199739
345971
425567
387141
277762
170800
105371
84096
81575
84548
127795
242773
364788
392164
291680
131872
38013
86631
227312
322393
295147
196081
133917
147919
202701
254137
276572
268527
240317
204933
178710
178941
182564
140519
79265
91292
218694
390286
480536
421495
241606
78504
60952
149875
216937
211970
187158
212262
275765
306899
272468
197251
134828
128362
176233
245269
304606
317597
261389
159147
79736
72733
136657
240883
322009
318627
249860
185954
145148
115100
127156
197396
262511
253160
180179
110645
97976
149847
237782
309358
317161
269851
231305
234016
251427
243929
202140
179013
229315
321655
365527
299701
162505
66574
87050
191038
296635
350268
329668
253528
167993
96407
45144
30044
83077
197574
291769
307063
261755
205972
191556
245993
333233
366493
285265
123184
4918
7194
80587
246285
397320
442252
369291
247636
164603
177138
243241
247881
171460
113652
147947
253158
338496
325846
236659
139890
77255
68218
132393
266365
398300
428894
338485
211643
135781
129500
143850
115087
60444
54554
121985
232838
337196
379707
350288
291721
265700
296686
341956
326947
226626
100133
41641
81983
163945
240792
295607
283327
199791
131670
149049
230621
290526
265928
177705
97569
93341
184444
294837
327426
274367
196514
148744
115002
77492
90183
182415
300724
379529
391995
343268
275224
238712
248417
279497
286495
233282
153854
123850
163356
222963
258194
282332
311856
310993
242554
142038
85073
103995
151973
149220
109106
133837
253191
376234
403944
332440
238403
174789
126036
95719
139788
243954
315483
311028
250676
167670
92904
55998
78604
136081
169673
193049
286325
426668
470028
330677
112265
12437
98333
264569
336130
263219
152496
107575
142262
228539
328550
377218
319645
175637
21118
4990
38252
152256
243828
284889
296199
268990
202373
158969
171790
176064
140596
130196
181862
250498
281313
273498
261472
260211
268910
267559
222299
152629
116655
143737
203427
223066
203800
231570
315064
347680
270294
174860
164033
209274
226040
215968
254617
333805
340069
239090
129815
98311
132624
182722
217656
226885
200825
147131
119001
169904
263954
308045
278036
212759
149468
127866
170244
228126
242978
232124
234133
251668
280967
307614
292735
228630
149333
95293
99408
179844
297950
361748
330514
264453
236583
237039
217356
171945
136671
138160
167199
222532
295368
321836
245423
126395
91889
192670
347678
457007
469212
341437
98960
4593
4632
110853
338780
437310
382339
294057
241696
213393
190667
167146
150602
175074
239110
279522
245372
154735
90938
115216
189564
238942
240738
206940
145208
86987
102870
214744
335100
367854
298496
175176
95369
136321
267498
388272
412947
295127
89177
4716
41016
193483
308147
324109
304135
305603
290368
220152
153995
148554
159660
120936
72501
107795
238598
381668
450949
422494
319036
185954
88282
89512
164332
203627
178194
157937
161007
159736
202022
323195
424187
400344
270598
127424
50064
57312
118406
197766
257271
278133
296771
340773
331938
183580
6477
6385
82275
223371
319016
325030
253418
173461
151609
191743
247260
261297
214134
159962
154773
194939
260648
347415
405719
355916
206467
78390
78471
197319
304736
277196
149527
64749
101004
204632
258177
209295
130755
111092
162462
245785
326410
357390
292186
173561
107137
151492
255317
317905
293446
227146
201279
239464
304723
339968
298706
188372
84169
72971
176690
323620
399220
320763
115892
4605
9139
136579
333909
443056
416770
311468
218090
185695
202392
214512
165337
79339
45476
75311
114986
159325
214075
253916
278249
327221
407599
436849
346549
190474
82189
80749
157728
238399
275208
276704
253395
223149
225137
236824
206332
173360
181290
201231
204335
200825
219255
236313
196621
124351
104704
181333
304918
364028
305755
195816
109189
86117
152905
281070
388999
401147
308466
179478
105981
115232
179356
263471
329420
347602
290699
173327
113386
201964
358626
435079
356935
170190
5190
4563
12057
96726
202863
256975
269950
280309
296096
293643
259903
219738
185598
137259
81325
77047
147661
231656
253044
211019
185253
230203
305491
339711
294686
193872
120709
139525
228138
299859
267996
143001
66677
128218
250788
324469
307497
226996
152277
140685
210541
327414
402542
365240
243951
131965
90915
100497
122456
177252
268274
309457
250711
169885
158363
198962
219214
208622
206474
209878
180725
118580
77616
116190
236001
376814
455486
413250
227324
4812
4461
41056
280465
475471
466405
324425
203501
173010
202101
205942
141875
80002
102878
197304
294691
338782
301716
219605
170831
175964
188719
185747
194129
218333
230243
231695
229784
220683
221878
250409
295893
320396
262223
132190
63937
127920
233284
284128
283055
249643
195344
169603
215063
295025
330260
284639
225019
249141
329750
338101
213942
43490
5172
48765
214558
398900
464662
356906
161111
47782
118268
274511
337304
260933
143286
93046
144139
251952
330942
313900
216211
134289
144379
217290
256025
207172
132504
118433
171120
242312
289489
291001
231736
131158
92414
187004
324921
370622
301754
197124
137393
131176
147073
190117
251375
269407
225864
189400
221529
273942
238753
96588
4762
33878
212302
431409
524160
513764
342235
156535
97116
176631
257997
241811
156585
101653
148936
270757
386219
409691
279892
42859
4475
14676
176065
334276
339710
238843
142973
112228
150768
233445
288933
238877
110092
38357
139609
365149
523054
497298
296923
63912
4640
11909
74718
142745
196574
283374
378044
382721
274095
150164
124012
210729
340291
431666
439028
367391
243557
104763
16539
47572
179145
287022
274508
208682
207625
275645
326490
310350
253043
192645
149722
140505
146946
137481
120501
124197
170810
256239
326762
322204
249907
153686
81775
91302
195696
318443
354252
274671
168985
132270
183015
277094
341332
317963
199986
59634
24299
148411
322795
375832
263051
103408
46088
135254
272004
325957
268537
168896
117173
160371
251533
296085
264737
196665
153664
171669
240307
306927
308356
240252
160800
147526
225178
319406
340827
266398
144298
85294
159735
299108
357521
270134
122963
53187
119418
271593
386914
367047
241735
118767
68480
89491
134498
159396
161873
176290
236928
312539
340907
304052
219510
134266
86158
79567
115632
189475
266795
317042
319389
279143
228822
197504
187596
193554
217664
261332
300506
277122
181792
93463
93812
193802
310362
334282
257236
161212
115631
142086
221492
313503
366646
313529
159769
25105
40699
191810
323763
325347
239875
151492
118075
184269
313619
391110
344696
231505
157668
157529
191977
208447
190479
157953
135779
152536
224824
318623
347777
249025
81302
5986
62242
237093
392200
409081
296075
158985
93200
120937
200465
267234
272551
203065
132476
160138
255051
304776
277573
234323
209617
181352
149085
154146
215266
292196
322993
301098
284396
281443
234524
137646
76620
122587
238391
318839
304288
228799
187675
232791
301214
307096
224151
92491
13436
55748
196483
330347
352586
259540
146032
113420
190710
301967
325602
232788
114780
64216
104332
204252
315130
377064
321333
149213
5219
14293
155634
351023
414134
313042
169216
95056
114994
211390
346500
433131
370278
190173
68631
111695
240528
300087
226493
108537
59538
97490
181862
275264
342196
360954
347543
324450
278290
181743
55355
4752
10712
97616
250874
368796
378620
290589
205296
216208
314727
406132
403655
303187
144815
6242
5581
54227
179691
276227
297721
288630
306441
336343
324812
250055
153203
98663
96164
106302
109601
115027
130925
150998
182047
236203
285013
284972
240406
204668
215925
256938
294375
313520
307180
268943
196547
129741
112020
123853
156530
221699
286195
300903
264733
230071
243354
291562
328579
326614
290306
238636
184844
145323
140192
162032
195656
220057
219214
199649
191511
220102
253422
251145
238268
252439
275118
253468
163884
57423
9583
24566
96751
230067
369196
422935
372887
281630
220825
215819
230870
236423
229629
202478
158438
127942
132725
171231
228310
274922
290047
260273
197491
146267
135594
141623
133415
138433
202425
307553
373346
353197
258627
153769
122451
184098
260650
262472
177307
83794
96926
237595
396264
454460
397087
306954
240750
174442
83091
27222
76985
191798
265397
249240
189684
139928
117139
148412
244284
340264
353873
278931
186833
135280
110588
107134
157891
250431
296254
236353
150515
139965
181931
202790
195535
191058
213828
257812
298927
301769
227442
129093
117151
197624
246048
192923
135212
181190
278543
301601
238714
175667
169592
197173
217603
221142
195718
148843
134406
202658
301355
309298
197788
70803
51334
159867
330829
475396
503251
372802
155903
8057
28653
154303
270767
293024
228357
142613
114489
165379
249867
317434
329470
289903
232617
177684
123827
83912
115013
226629
320094
326312
275572
224829
198074
199179
222948
251253
258153
236618
221097
251784
288465
240360
117034
50131
101164
185459
220731
215222
208667
205019
208518
259506
360620
416795
327063
130489
5480
33782
165541
272538
277820
210465
154874
169004
230044
296951
341279
330579
257018
183520
199321
295223
364961
339662
243778
138094
73109
76584
125390
175260
205296
233321
271470
282283
249820
224289
230529
230466
181390
115177
108497
191296
291185
304971
224071
120225
57305
81715
224489
412329
480222
364777
168102
38862
56628
167483
259613
300822
333098
349441
313299
248026
183122
126989
103735
128056
173591
208723
223647
226634
226367
220243
199248
164661
150415
200920
281586
308807
258290
173712
122281
130032
170920
222149
278266
315823
292867
216090
167840
208124
294767
335567
285231
174154
87018
101353
206669
309186
330152
280341
207977
141660
114377
159723
254548
317427
276598
150336
40658
24236
91116
200426
323748
415299
404937
290296
171192
140740
188944
232463
195817
93001
29770
86415
226394
341695
364458
290348
177221
133985
198182
291986
325884
274061
181587
136894
188204
273169
268001
155833
57592
51938
116222
202017
268437
291001
293609
309785
316007
265557
170683
100823
92066
112781
136119
162228
196039
250476
332086
406124
415051
348536
255437
188715
156529
131103
114259
146540
228152
286101
264871
214278
220504
261136
226521
108445
31184
80767
227553
358002
385405
315586
222431
184814
207449
222999
199359
162252
128413
103561
118742
179777
236477
251566
253572
278327
289017
246418
189042
181106
226895
269114
258284
206716
170070
199972
283655
338704
309663
222817
128430
52653
22693
75683
199436
291145
269565
191173
170603
229058
287786
294192
264782
238929
243614
264996
273909
263170
220099
146417
106262
136696
189695
220628
250089
281269
257402
174119
125604
159210
216886
258078
274229
222370
115579
75965
183017
339585
394519
325669
227860
171947
170650
217342
278291
278673
179815
51583
25986
152971
337249
449650
446822
340139
180894
75780
103574
222358
304665
257626
119084
26865
76948
231402
358300
351524
231196
128214
129444
199835
275321
304903
247721
108576
4710
11485
116842
260370
344947
362109
320589
247121
225094
302185
362028
271424
102433
28239
91238
216935
338176
385496
296147
131350
50471
107679
209380
254983
216897
141203
117878
202298
351342
445967
399866
237558
83015
39317
87255
139078
140182
111568
109149
175048
317574
458858
470391
340464
182524
89523
87940
171311
272686
289280
202048
114701
130169
213140
243149
196160
159358
166150
165656
148130
175122
253297
300731
271429
232680
238292
231818
176210
139110
181558
270349
344880
373264
349525
302118
259354
194899
92511
16480
27673
109584
215210
282924
297200
300852
333853
381800
402089
388882
334269
204713
56834
8823
64224
193927
300308
295561
199248
139094
216091
359996
408073
324867
204810
115702
75470
120584
239815
309487
230390
84569
35670
125938
246698
311739
334952
318902
242071
142434
109023
173461
259856
282115
238719
185829
174936
217970
263679
235097
132683
45407
61353
185163
340169
421112
375616
240582
125718
121481
194855
253940
255956
208741
162670
164234
191120
210725
214291
188351
148746
164548
282401
441079
507923
409623
181674
4684
7724
136960
301257
311155
207825
138052
156980
212612
256192
259095
187696
71838
40765
163077
312428
336759
255122
183512
184564
234575
289755
323029
293432
163703
9542
7601
105321
254623
296392
246475
204210
203533
233199
278866
303671
270265
193913
134943
136030
181883
239632
301339
350523
347091
277642
177258
105765
121531
216302
315321
340428
270408
164214
90926
76298
129506
218219
269073
260928
248057
261504
266096
244529
238046
262070
233411
102292
4955
25009
129241
222811
282911
340452
372035
343313
277976
218344
164066
102235
62048
76871
132080
191650
243530
282663
298793
272299
216515
200101
234168
261626
260300
240337
210843
206148
250661
289389
252581
160457
85149
68079
113174
183585
226794
253015
305266
355204
329226
224256
119837
95471
160554
253183
320183
333832
267028
140953
45290
63747
198324
351591
415872
372510
273517
190755
182921
246060
293000
236981
116423
51664
74191
116419
150622
185170
211395
240972
300912
374068
414144
377672
276108
184572
140452
116704
112131
167132
258953
295760
250026
185761
157868
174965
216757
238976
201965
143669
157513
244818
294675
239901
131038
69925
86626
154491
270236
394603
413592
272132
77472
9392
101000
272668
380510
358882
249442
147659
129807
211267
314626
342632
279135
167701
73411
91437
248234
398996
392204
271243
177820
154991
153388
140644
137991
180632
245211
253952
177328
104256
111633
165761
221934
271900
284857
239731
185864
193550
281703
376936
367667
223722
47594
6566
58944
180428
309972
393075
351456
207588
105188
154465
292255
344608
247813
114765
58563
82574
131826
165860
176516
203638
274821
339271
340683
289842
236722
220939
251859
288625
291022
240336
148172
76841
98143
209058
292154
274566
229198
224890
228083
192671
131238
121338
228500
390969
444843
323485
135694
19824
37437
145980
239456
262058
258816
254733
227899
182264
142803
118347
126665
197221
307521
371708
369267
341616
289377
198460
93886
35237
54144
123175
194350
239852
264082
275962
279202
286515
287472
239266
166184
151985
206891
246470
196388
91668
56223
151758
287849
341576
290996
194848
121254
126564
218567
331422
390330
365700
283072
189862
129531
136129
187921
239185
256084
231579
230952
293241
338866
287876
159890
49813
37250
114503
223676
324345
390427
374031
257263
128846
105163
180818
273488
312781
261078
149820
58291
54525
158864
300458
349013
246182
91333
41610
122807
254677
341238
316954
205751
111526
110032
181558
244935
231977
156598
100569
129585
229111
321446
348990
285433
146492
36273
55783
180268
306475
358468
335995
306665
313975
311867
262465
196935
127584
56441
26858
73756
183552
292305
336646
315197
272620
240735
206285
176102
198380
263176
289163
246453
188396
156935
125755
67361
26913
76370
228632
409296
517088
500521
356228
144431
22995
70510
192672
246513
196770
139524
166378
253166
322378
306471
197065
73343
53993
184717
343000
377530
303351
241186
229178
236204
258242
276263
224242
91775
4904
13122
113541
294219
443666
477977
391374
229568
74723
24712
107932
233952
302650
298503
266405
249564
240111
191537
116118
93340
160719
266420
334985
336299
290801
241768
205338
157926
101495
73693
90441
147518
234305
298338
307462
280451
246781
222689
196886
158729
133163
162204
229425
243710
169893
91324
99893
192752
285600
311153
284876
261395
241089
196655
136191
111055
154986
243235
305907
274298
162842
69720
50956
103011
226529
368432
427860
353487
185810
19338
7220
113496
323387
464496
464285
351971
198380
91648
102330
185573
235641
234353
239727
287676
362369
391321
323375
220113
166276
176201
228457
277641
259233
157818
50329
22243
85674
203859
310342
339510
292873
254163
280667
330565
314403
211097
106147
102761
190047
260910
245379
167836
108575
113303
173915
260655
335177
346968
265821
142783
73969
81521
132216
226243
357515
435855
386100
233389
72253
14804
84695
207194
299452
328048
267988
143356
58270
100790
229935
315397
288062
203992
171205
219497
277464
281426
241616
194766
155444
150538
190488
214379
173038
134413
186595
297270
361846
321733
199561
69985
11992
63064
235236
416967
441973
294363
124834
64805
117899
210656
269112
259015
188841
118925
146314
278311
380891
335509
193598
105966
134356
208540
255342
271506
269803
249558
207458
147381
102859
91141
87206
108040
182510
251840
268084
280436
321043
334634
275686
195828
168339
191276
213569
218342
239673
293014
335560
329480
293939
243090
152354
39239
11990
97837
247681
359368
394753
380295
346025
295618
245219
214471
177687
94355
10419
26647
154701
304444
336113
219378
74385
54929
192512
370005
448531
379145
216269
75674
24825
45516
109783
196882
264234
270005
216488
147048
132845
215017
331964
380975
328035
217479
124424
103156
138624
172095
193374
251991
341915
382824
323104
172125
7728
4841
60238
233187
379368
412130
343827
231530
129785
87020
141178
270066
370746
344678
215602
99146
89218
192215
316055
348785
257736
149231
150730
251170
338717
326530
238265
177609
172801
164506
131826
125848
185147
258238
263930
205595
148094
153918
220064
282355
303207
287045
237636
177122
164295
220456
288139
299022
245512
176537
144171
149520
161752
166713
166454
176642
220587
283323
321588
300392
219622
142961
134325
201499
311202
403496
429950
364301
215370
78548
40085
68390
108496
147980
162659
137546
128115
201427
310859
321710
209308
100095
107110
224195
353251
404264
353607
243262
154412
150754
230138
315699
324869
255039
165510
108520
106918
149666
201345
234462
242563
213669
151528
120456
181569
284609
324568
284600
213274
134765
65994
40726
64705
125146
209973
289890
352760
395636
381410
301731
173821
40967
12519
116387
293088
400000
369536
269487
212313
226126
269991
314828
332892
280413
173119
96748
101342
154976
207609
233502
228939
199143
164570
157678
180887
201228
192125
161831
148088
167826
190972
209676
236527
253545
256556
284907
359391
425527
397088
255775
96118
23868
43168
87427
119190
150473
186608
219275
257331
296753
308307
280826
252316
250517
240187
185225
123229
126744
200542
273449
288657
253858
205633
157515
109907
93525
145397
244159
312261
291612
229824
223942
288977
358107
369916
317580
235540
166681
145073
166010
176352
143553
79081
31933
66001
184575
313239
385624
387882
339206
265037
199560
177365
183983
169511
116241
54867
55986
166772
345474
482567
471503
339222
222767
191329
177743
107271
35602
65694
171889
245613
255010
254469
275733
297428
311434
309566
259539
165102
75964
54413
133882
254024
296650
214321
109368
127351
264096
383903
404832
354320
284794
207135
130321
97019
125110
154071
128355
106491
170384
283504
354376
353358
317440
277149
226036
177701
176876
231852
276134
234877
109634
5212
12569
110895
235984
272057
211640
131645
101608
141994
238795
344905
370881
273423
139922
117097
231149
336605
289689
129646
12459
34271
162912
281890
293453
236457
206320
243551
325747
403264
411670
310395
139549
20991
59549
209463
307941
252667
127685
85610
150190
244361
326300
373400
336659
234249
176676
220635
289385
293614
210645
90760
28804
68719
175581
288591
341395
326929
304936
299171
287944
267534
234549
161041
45023
4853
38244
184122
309306
340867
295399
215551
168007
199505
280846
319648
248604
126025
71624
108755
180483
234562
242782
220638
220284
264714
324430
339348
274560
166393
94498
110271
202579
310707
339731
245174
125285
145879
317882
442466
362840
139029
4541
4832
78187
293259
483094
524160
453102
295964
168577
121863
119403
99419
43263
11845
59609
181274
292248
324743
288093
247009
228635
215552
215061
244423
263409
229581
174846
174742
245159
302738
275862
180255
85497
66828
153476
269014
314707
284001
233938
209468
201026
196977
223847
271699
271116
185915
83985
84612
196372
294129
305295
262130
196870
134925
136945
218150
302336
324662
301528
285421
282060
253931
205698
182185
202646
240767
253167
223055
189087
195991
226342
224683
193917
195314
245935
301752
328237
329619
292971
185517
53136
14151
95674
222062
269783
216244
142107
133256
212525
329846
380904
287465
74127
4582
4441
72436
291410
460593
465527
328665
173764
103156
116233
160121
192153
191889
190902
244576
326696
357548
322879
251489
158703
78415
53769
101452
191284
245475
232358
212677
254036
319443
290064
162005
80885
137167
256847
330797
316900
228772
113280
37198
77582
244206
431477
516763
453798
295698
139834
62302
102804
235633
326770
250948
67769
5234
56853
196557
292885
331120
339866
295720
210716
161022
181929
240286
296790
327907
314204
234931
100259
7755
40607
146080
203366
194471
196885
237830
269236
264752
262848
311007
375733
372373
268310
121368
39736
86922
225928
344326
356172
267872
164731
120952
138176
180445
217352
249421
288783
287474
223502
166054
158313
194272
250640
278408
262940
225619
214655
281525
372694
381584
307052
230384
206049
202462
151952
94457
119169
190299
193861
106112
18927
31525
142891
276282
351158
350268
289683
198725
116789
64600
55728
110064
229611
335027
319799
197385
109905
142572
254222
376854
421420
329859
184591
98896
69353
47596
30113
56829
156836
281212
348333
342971
320095
335099
377665
371173
290268
204211
172424
177514
159097
93202
46438
81342
173453
252391
254174
181478
108355
113540
221911
359669
405476
351385
307182
340584
388699
365130
243632
66836
4609
8969
71016
186672
294711
342695
322009
270829
244862
255975
265378
235951
159789
75615
57504
99219
126063
145822
198249
232171
201564
159155
179300
255594
328034
363460
350970
298708
241419
197158
161394
144093
157172
208507
283643
322838
289755
219359
163636
143600
159312
191860
194739
154199
128719
180955
295717
387094
390477
338953
286378
215334
129226
103037
157241
219165
219245
162623
126740
169665
253447
290130
257037
210908
210879
248129
279209
274405
225035
178928
196399
248329
289591
300671
254779
168184
102310
98625
143900
187580
199510
187481
189096
243862
317467
319755
225235
124235
101176
139736
167730
163346
151941
143777
137124
165342
246043
323296
342728
313446
275250
254685
230589
194957
190693
231813
276009
276704
247619
227571
209787
188265
179459
181791
182958
181632
192638
221745
245950
237617
203231
185115
202347
211366
169648
129054
151524
230952
316654
336997
275360
186238
127282
122870
166488
219045
232722
209367
209306
264643
311525
291338
252404
237363
221889
176633
109668
70161
79923
101698
123628
197433
331548
437112
431794
315217
158784
52112
49416
160613
286192
280878
155754
65922
106785
225812
313262
307270
225942
149107
148294
224832
311884
350989
340981
304404
264060
227218
190046
163142
175438
220293
238416
218178
214298
244362
259783
232979
197395
206039
264395
300479
247558
150841
103669
121359
155535
198185
247487
254892
213198
186439
209431
261160
316859
339949
288539
172561
66488
40683
98738
185867
246508
268044
287120
321907
324864
275739
212085
150912
81999
35481
63976
158158
242707
268635
240033
174296
107709
79080
104592
175985
240222
272619
329601
427482
461828
331495
97533
4656
23056
135473
270732
369683
375236
292542
210464
209230
274311
319154
276747
156097
56801
98168
242411
328082
293894
214503
160305
145331
173559
226269
258916
252290
234238
247248
288981
302279
255213
186840
151134
138937
123878
144914
226593
297598
282776
200688
137408
147385
188502
211831
230973
252133
234842
163328
103175
126760
216045
286605
279289
215717
172292
188216
241856
290212
289720
229023
163573
152986
189502
224309
224836
204899
201300
231548
290060
352319
365771
292220
189056
161586
228165
285655
242065
147676
106288
147961
243255
342477
386846
331482
197769
95292
109822
200514
262888
244486
173282
106563
78118
110338
216030
328000
345577
257872
169001
162818
183991
135906
47263
32144
150734
351752
491593
468235
303105
113737
27346
57188
107705
136914
173735
208320
218262
222405
247280
294758
321711
266543
138869
28183
22299
121965
256015
327880
299881
208131
148180
189885
310368
392802
336217
212651
199088
319726
416097
384625
289145
206708
135294
82518
78261
131495
210550
253218
242134
224527
234360
273072
325700
335841
251231
110693
40193
105798
216622
242392
178897
118425
134180
222451
311792
324019
246617
136994
78780
110615
181593
216193
197615
175934
209850
275663
291552
238278
173690
133422
113143
125345
192269
286788
336106
326266
318849
339099
358787
339131
266137
169131
59963
4625
4692
53844
226494
388630
464327
448981
380321
282549
181356
122663
129985
165870
169297
152941
186597
272078
328697
298104
215513
159345
165023
195389
183879
142811
161751
279275
395194
380353
230158
66199
10670
59625
159844
245385
271733
246282
218850
216170
226503
227242
208367
177415
128048
60994
35872
106999
251913
392168
442086
381248
263561
146692
76002
68700
104626
181520
290231
374665
379943
299192
183670
122420
165290
270750
342199
308572
201165
128229
162064
271726
345401
305458
198708
140340
161892
197845
211665
213607
211107
201570
181443
155794
140086
154252
207460
295021
391188
433932
357493
183127
18645
6038
71459
224257
314512
269979
176245
156416
221479
283158
286015
258706
236477
215863
189285
171375
178145
216789
263476
283330
270717
232936
180222
123119
71752
46626
65059
116197
163568
181002
204870
297198
447483
524160
512883
322272
116284
45053
108930
183798
189660
160810
171143
247040
333811
342635
255595
160220
178755
322084
428192
346550
122018
4585
16420
169861
313874
314988
244572
214072
250695
312481
332379
260780
138077
80924
141571
260767
344983
334235
239374
127984
64609
67896
106987
141791
160845
167177
172543
194210
250935
350909
432699
377148
182202
7195
7182
77362
197077
283223
339024
364135
337651
265060
177328
123014
133561
162049
134028
78282
102767
231154
373238
441126
408600
300383
185092
149629
221342
314763
314068
212237
108092
86483
145782
231342
288937
284291
211013
109232
64892
118815
213591
259489
236749
202417
201139
222002
248992
259277
220862
144335
89621
103975
154853
175240
184118
235670
301380
339388
350922
341550
301406
214597
98897
9778
10103
100236
305754
483742
489115
320632
118364
11126
17135
80054
176216
268958
322996
321760
301334
299335
313447
317413
275011
181677
79173
29072
87710
207146
265929
259493
279936
351646
410664
396041
315493
220881
162392
171692
223098
242265
186530
91328
57191
154629
319445
408004
342997
166941
12559
18408
144786
296833
350287
292884
186104
112445
138579
244525
311343
253618
109632
6328
14296
98808
230270
333917
348722
281877
231084
275044
367739
384243
270395
106958
24016
71030
199273
316872
345608
259298
107297
36810
143060
327224
423955
363172
215356
109094
97338
144973
195097
200527
159067
137105
203649
312406
361425
337334
280392
206984
136090
126225
197402
266542
231071
98081
6862
64123
263693
432999
438052
332280
224718
141110
55335
14716
81897
201252
249679
213069
181621
208998
250065
242926
188310
131458
125634
189101
272795
315969
306984
264795
213671
173695
165622
206165
273735
312005
284785
231161
226651
276318
315278
281415
174775
64335
23079
84807
225973
346019
366092
308096
254391
244571
256521
258251
226331
149916
53111
10557
71150
234616
394758
430057
306261
139002
85377
165750
267411
301359
270459
226334
207627
217955
252981
278077
232064
123081
46614
79902
193655
291715
307452
250151
180740
163643
222818
289306
276990
211594
162127
151092
161154
150444
132047
165326
238099
297836
335520
355929
349708
291190
178488
95277
101161
135633
143699
165641
244122
331567
352969
306393
231857
149448
82074
81393
163359
255169
272684
231438
217865
268938
327539
317636
236789
130491
37100
18591
114567
289100
428744
439618
340395
238459
183566
162112
166431
177160
153070
96896
88175
172977
290660
352518
343652
305366
260075
202221
133319
88234
93803
120342
148452
199815
263223
284657
243974
178631
154100
190852
233630
232089
210281
208967
199869
142417
96884
156342
304560
414419
386141
280075
208411
193174
203651
219906
240596
252659
241474
218833
171065
99346
82476
171375
313536
407509
377061
236127
97140
68643
155319
256359
267817
178750
77872
70578
152147
232741
283150
322044
327699
272340
184601
140046
183286
280262
346699
321863
226314
132832
107605
159315
227006
245546
216195
191758
196020
216214
227323
207191
169467
154864
183306
232710
260327
242017
190331
128636
73635
65975
147572
278086
346094
300234
238311
254596
309146
333862
311778
256984
192200
133882
94997
98141
153526
229155
261267
208619
119707
91886
148918
235258
311597
363492
341632
208390
42328
7465
95182
268700
379795
372499
303790
255935
255665
271589
275313
233462
116281
4811
4819
37187
215911
452175
524160
451715
238566
122006
160173
236301
248216
199983
133532
76568
64490
135378
256508
343837
361265
342640
315853
258414
178057
149481
196214
240098
209390
134997
110880
167327
237149
251028
218839
213282
261306
300400
279492
200037
109548
87336
167192
298465
386052
360634
264021
201048
188860
167186
119509
100040
145322
228199
289184
279866
206539
138670
136576
204377
275730
279170
237305
205554
198969
205783
207654
221687
258006
246872
139247
33591
71415
261475
472619
524034
396667
165633
13637
36503
165830
260883
250418
184190
148256
181501
244677
286993
308439
303060
258563
207143
176079
173146
185696
173446
136716
121695
141220
180561
235915
297285
331621
304188
228970
175391
169510
164451
124752
78938
78268
127126
197269
275753
342541
352484
281965
184278
128111
127841
174485
229110
234765
188111
141598
181611
340480
509023
522478
338882
77767
4590
15608
131652
269231
333494
304364
226575
175768
201384
288250
359458
324390
179018
19231
5592
82171
263661
349046
264623
136693
125659
234040
306324
249455
124677
66414
152844
318341
451472
476121
369679
207966
127136
175474
259542
266891
188167
89286
8297
4789
12278
112276
277788
386589
400198
378533
365625
353031
313683
226915
111061
31599
46007
143295
260557
328464
320154
275803
248588
229128
166960
88298
102953
237790
378204
394272
283228
174887
154681
190834
218859
199455
143242
93613
87576
134328
207932
267360
305678
322298
298711
247715
210466
224759
282285
303501
252245
190145
175552
187037
160962
101629
70196
91239
154813
256860
357946
369787
279321
192285
191819
237109
234772
177317
127969
121609
146261
176472
196189
206139
215602
230865
250364
257632
236585
194058
147226
134076
195215
294365
338168
285087
195291
165084
217075
290784
308908
247664
147227
73641
84401
166661
262349
329047
345744
308610
251195
237058
282578
331875
328853
259049
153843
78953
84024
154656
225789
224202
123782
18126
45702
210528
373610
402396
303367
176530
119986
159543
222817
223715
155197
101835
161980
312778
420448
379849
207535
23908
5341
68354
233227
352524
355537
277449
182367
116526
114121
180227
250890
255014
205554
183667
242043
339658
370257
298884
211402
179645
196605
235279
252761
229479
203650
221260
274326
321162
321876
254392
136349
34765
28467
129439
257358
298287
241734
185359
178950
173994
155693
166291
196388
200010
205467
270289
345492
326253
191115
36606
8938
94027
249262
348306
330840
230764
145817
164785
263144
325422
294432
215314
164345
184908
261968
317115
270361
140595
28478
16636
81999
159389
184361
186394
226165
302632
368848
386060
346580
278145
221189
197359
210823
250957
270336
221695
159423
179127
267163
331282
327855
274866
192996
99038
28354
48725
205143
386770
405530
257645
120653
84377
103408
142388
218356
318181
360311
324413
283394
286656
289702
234168
144635
106339
127436
147511
140639
123264
116303
139496
199024
254607
258133
225689
215612
248630
279799
270936
237258
200657
165606
138209
115246
90794
96047
177394
310681
395933
364566
250282
147400
141518
235124
316166
288679
194104
140315
166484
220161
232859
201023
191915
233052
266354
264509
268679
289839
300053
288854
249658
163216
71996
59560
141290
248097
308277
301454
261490
244661
240828
192288
117783
93929
126385
143976
116933
97289
143821
246981
327286
312832
228389
160075
160257
204461
215893
188900
193627
235141
255484
260076
278135
274656
224872
184003
190988
211368
224830
238090
233351
188753
125111
116054
199715
309277
339476
259574
153464
111817
150635
254542
371367
395456
309433
211316
177295
201704
231366
228579
211223
223000
264615
292653
282792
250419
209716
171954
151385
151146
170901
192513
172431
109842
77161
153014
309609
407441
337452
152783
20502
43505
169407
275369
280230
226936
225988
293645
322002
235135
95854
16532
22314
75487
148598
223709
307359
377909
374258
285688
170089
93665
97825
171812
241735
235474
176354
156008
210548
283782
294951
239719
209878
278883
406463
478070
412228
245485
101812
65703
98431
114140
108782
133814
168263
179955
216830
311747
396785
393910
316111
227607
166791
138304
136894
152252
162812
155553
155953
202056
274612
315673
297781
242295
181201
135950
108695
91868
97863
134536
187919
247954
300217
308862
268448
230222
222723
228733
231832
223209
186462
133482
111960
162066
261971
341984
339229
259302
187195
184373
227748
266509
283188
287673
284057
277995
271493
269090
278975
281286
240156
151361
41055
5080
59225
281202
484997
467766
271107
127876
167216
284450
320038
226650
95228
33117
79663
218470
348527
360743
251408
113971
37592
50434
146704
282046
375665
356499
223548
84838
61021
131341
165439
111070
51913
77480
191096
333876
426602
389535
241135
119007
120933
211392
262256
205752
120114
100888
155837
224910
265672
292143
310019
289661
205886
93008
28014
56435
165161
303337
396913
385812
289423
205783
223122
331291
430318
446268
358065
196703
61252
19682
58779
140637
217461
245622
213889
173940
189211
264496
332161
301159
198094
134812
135466
140581
124807
114675
124243
147366
176974
209218
236964
238112
193777
136847
141872
238426
364304
413834
324697
137075
4784
12140
134715
306019
372609
295673
181112
156189
230221
319952
337639
248320
110609
40149
116249
285719
395111
355749
236955
163712
170273
208519
254201
312791
333023
271203
200539
214265
280046
276934
173660
88767
124402
239191
313949
280852
193350
143179
159295
219052
261264
206062
64057
5020
61362
252427
409972
437929
361859
262372
187667
135293
99076
81678
73036
74645
114934
203262
301977
346185
306483
226820
171332
147188
135741
156021
232945
324888
350571
301076
250314
250441
283061
318560
323797
274703
190523
121419
118043
164353
181562
167173
194175
269783
335958
348467
284128
149150
16572
14639
136413
316711
417540
395179
287265
177228
144316
195101
267254
304776
278753
199233
139105
148490
203385
252187
249907
194497
134221
115056
146144
188639
199177
176717
146245
148049
204678
285905
336133
323964
263683
199063
152415
100211
52417
83926
224082
373013
405753
301564
155990
78452
92272
158958
235974
280811
271570
226416
183051
180491
224743
271521
273432
241524
218324
195788
143505
89066
85516
149405
261022
389662
464484
394415
199208
26887
13684
119087
264949
307397
223097
140331
166918
279588
378680
396384
325667
184786
35233
5231
44059
196449
346157
380438
294402
147445
16113
17458
162614
377590
480601
395947
206837
71894
78754
183459
283907
313145
253178
140442
63807
71346
136242
229753
336345
405070
376683
270420
179736
173374
209489
208714
183056
199338
264587
325581
328126
264163
171221
126413
189280
299084
335270
266588
147804
67656
91023
186710
262447
254281
174537
81386
35293
91767
267843
463525
515422
360682
116846
4789
27215
148441
266479
311666
288280
227529
188246
215596
290431
355583
335267
198996
40739
6526
52645
170506
286539
326736
281386
240676
256126
268481
230982
185699
172008
183638
218858
274369
306289
271109
185282
139572
186984
244753
215906
134417
109691
177651
279152
325621
272519
192695
203525
298074
361857
335528
256344
169534
105216
76792
82370
125163
181914
202042
204774
255454
345331
398445
345321
200808
83193
86797
203186
344003
389159
291416
113322
5274
32042
161365
284220
295631
185805
73805
98671
245336
361321
351318
265033
196739
189112
228801
248525
183399
69139
13604
73322
223758
375078
443612
392865
261969
135717
75543
87123
134962
179804
222500
276244
301274
256758
179145
111860
57323
40481
106989
255842
384464
388363
298953
222191
195892
208328
244361
272688
249201
173163
129968
191740
301261
335846
250105
124399
69465
84384
102524
107488
119905
157544
246168
366237
439978
421991
337000
223933
118426
68466
88188
136743
184102
228304
273529
323350
372265
391714
328497
185139
48317
11810
67490
150078
179754
171013
187138
250300
338463
404332
393731
285434
133131
52031
98260
216888
339582
404973
362761
245808
150090
152191
226590
276345
248546
