311747
256108
159982
143395
189565
214359
220685
224196
205318
183955
212049
248998
230150
187490
198534
280949
343874
323164
241599
170019
172681
211528
223265
195505
151673
130693
163228
243094
322923
322659
244105
191251
237219
327796
337179
231444
144397
170876
229154
249599
228772
177740
135597
161343
212242
203494
171202
188293
241012
295287
311836
257408
158822
129143
200350
275789
307515
298249
245655
166580
125598
146566
198648
233219
235033
227316
234171
267255
279053
228918
182077
201538
235024
247075
212224
144076
133428
173829
183451
159828
155102
186467
245067
293600
305514
302894
279147
239211
189105
176036
226200
270898
240451
165696
147837
179227
176998
141124
153499
229372
278183
273700
234988
204671
214815
239905
253131
234776
214431
208792
227932
232625
181194
140352
172792
234196
283334
294794
245832
169958
141967
163883
199532
206825
182051
182029
235852
270883
249157
232508
230646
195653
177952
215642
247585
262450
260909
228971
182346
142442
143770
211003
261828
236887
213042
212881
210190
203598
189946
196317
224815
256559
266846
243140
199902
159905
142263
176271
223253
209014
186969
226787
260011
256416
255399
260263
231283
181041
175126
204041
239593
236255
180538
161194
212858
250574
208492
144443
159977
237103
276440
230221
156317
166881
261271
318436
261738
161533
142607
217803
262747
214624
185989
207260
218065
216367
213078
215480
195334
186410
221893
250055
241807
210432
207726
247009
264462
203656
150864
198563
255924
216964
154344
179276
236761
220486
173595
179560
219566
243234
240202
227502
222506
239627
251361
243768
220905
200719
188175
202549
213628
180441
159158
193744
225768
246129
255237
233942
179964
132197
146039
189204
223431
254691
264007
260366
276887
265979
229528
225905
227838
223628
227881
226653
205957
159291
96670
93013
169020
236517
266908
275895
250705
202527
205028
245777
231637
180016
177792
217466
247317
222261
178866
172106
223623
294634
311924
289461
246077
174695
122810
152182
210033
204588
165950
181195
259729
314836
283593
201323
131399
114851
160549
206933
211307
180249
182816
242804
266579
243043
254693
290175
289573
239988
176175
169869
197513
189326
165502
153215
157768
201338
264455
269961
230236
224423
264148
266633
232532
220683
205456
177948
173659
197617
224870
237775
255918
256511
218618
203150
222637
202604
123479
78832
134186
245590
288982
234924
205720
240200
277683
255445
189883
161224
194234
255658
277871
238182
179150
164138
180936
173260
177349
243855
296412
260677
204451
198894
221937
249310
257606
236982
232033
240965
229154
192939
143404
102538
133898
226918
276415
232779
163919
169982
241113
288138
261048
190772
146608
189595
271649
278292
223596
200534
213004
242438
254993
222612
184521
158730
159113
199526
241872
264004
256115
226986
196270
205063
255565
265503
201761
160367
188275
210572
193950
188779
181409
169024
180210
228846
285406
286417
266088
255939
234978
218982
197746
168614
181311
227831
219430
136175
84457
144430
275063
324341
254514
187711
194226
265318
302902
228671
131426
129313
218761
301153
285692
205268
161164
204457
287868
320957
254333
149425
115593
148774
205748
226720
184168
155286
190479
232858
220565
170664
157498
223010
299848
291811
218762
182268
189815
218764
266309
295699
272429
229854
191379
148313
132828
177762
247365
265857
227716
176826
162087
204543
279266
313651
278117
217028
164614
131916
140753
174022
196358
193203
212069
237571
216839
177009
196411
265713
280187
233239
227004
281538
288093
226771
179772
190487
239340
255372
205731
152036
124240
141703
213924
255874
209536
156289
164539
233187
282716
238074
169186
179003
256464
312552
279685
222498
240397
273342
217161
120748
91669
161062
274191
326417
261127
140515
92167
142726
213938
245218
260842
296683
315187
274381
210004
175021
169287
153465
128591
135139
151652
165495
213731
298989
331559
283895
254605
262292
229257
181402
200644
252715
265354
216782
136470
103783
152369
241532
297094
273508
190488
117206
136410
217375
244546
216415
221198
281371
305887
250708
198469
180784
186553
228744
267918
262423
216388
162035
135484
143142
166432
163112
157259
212405
314680
342401
264691
200375
233080
298844
287465
183681
108565
154433
240701
250583
180687
118669
151664
247499
295754
261890
198209
157610
184840
232769
220957
185543
211547
270128
268348
189634
144787
193896
280946
315017
268096
215379
200360
234926
248351
187960
125637
127671
188031
226800
205235
174828
196032
248754
289234
297414
265716
235462
225497
221700
192955
150930
136932
173988
234135
261172
250038
210605
190342
222618
238817
207114
190316
210584
239926
228552
181977
171799
241988
309204
296386
215618
123013
103505
172899
223725
227985
250297
280823
264357
217711
189126
198094
208705
166113
120974
148954
245066
347704
354845
247161
161670
194502
253998
217860
154028
179767
259875
280964
203793
116534
112524
189145
282430
303983
242470
198930
197492
197843
222482
259234
253760
199069
127608
99184
143667
229787
286854
274023
255179
261643
238961
194414
173260
192572
247126
292887
266640
192754
153970
155147
177954
197239
197412
178180
174059
219890
292971
309539
246323
189564
214038
272176
256920
195559
180608
204760
236094
236211
196235
166182
153478
137312
141818
183834
231510
263381
279022
301109
321129
280372
219059
221584
241368
184824
111084
131223
226085
270408
219283
167662
178805
211697
213525
208850
196375
189968
241109
304915
283272
191196
157315
215673
257060
207098
145684
171274
249185
277061
262996
270651
267056
216395
192285
192855
156629
115393
144832
234284
287890
285665
259005
217393
182599
194800
208203
185169
191232
222668
207441
186303
234627
295523
285356
224967
177365
151250
127240
126176
175892
243440
300809
340291
330546
284834
220972
154834
122055
150561
212046
236029
228514
232280
227813
192401
164703
150509
157425
200006
265405
286691
230907
186716
236075
305848
311831
254726
182916
133619
118669
156330
198133
183359
171014
238215
299547
270460
223694
235481
251478
208526
154514
141404
194322
297563
365398
318974
185084
104602
160498
251372
241929
150053
98297
130265
216491
296283
309313
246289
165285
157713
224707
252227
231439
225702
230739
240304
248935
244384
224474
205763
178616
158741
154843
156442
163459
160581
170002
213117
263213
290531
311022
347462
350568
275462
164172
111030
158194
233137
235570
157686
94869
103819
162911
218259
257779
293226
289257
247082
218489
226616
260430
285467
261758
227444
215216
183147
122748
120258
171947
195640
170392
163180
202570
226539
227074
256050
296270
295552
250903
186923
145055
184539
266433
279039
210867
178558
209318
207915
181577
200202
231857
252859
271262
272874
238685
176189
128596
131152
190677
275967
314992
257945
147825
100413
153164
241324
287260
254805
200014
204049
274565
305637
242224
168351
141685
172308
221770
236748
194198
139217
146148
179758
216123
266208
275888
238723
218781
249250
296565
290929
222459
189968
200826
173372
128349
135113
203152
279272
298141
238803
156896
136882
197252
268156
267667
235828
225936
230571
213613
166746
131827
156936
225536
259177
262708
248990
196482
156125
197620
292128
322859
237257
149468
178260
264012
288023
216245
130008
129456
187225
238710
256500
241821
207418
165241
130401
153465
231207
269858
230856
207755
260142
295239
243207
180297
185897
247701
317066
319644
247297
153230
93970
119902
191031
229117
199505
144764
154310
210077
217173
173212
169329
231587
300371
322518
312628
323652
319588
249730
162050
123867
130842
134703
142141
187790
253637
265889
240165
243480
248916
210447
175121
202045
232624
202885
163050
166491
223444
268806
236526
175707
179768
242892
264299
236610
219957
228348
267687
285858
223818
155635
173779
205212
176082
138220
169091
267138
331543
298682
221182
170131
158473
174305
191534
186668
154078
124268
161410
278414
360970
329071
236323
176033
196570
243806
251698
231887
204252
154055
123443
178762
286887
334237
268196
169131
150345
197075
231029
215678
188101
175940
193826
216905
240892
262323
255048
203118
181577
218770
245733
236388
207801
205460
226397
219265
157297
131199
216666
300974
258896
159683
152023
257686
324389
256223
153981
141094
200346
241513
240260
226648
220027
239682
257236
232464
169719
141579
166138
167982
153735
184385
270637
324034
291830
233672
184150
177613
230799
286469
264585
181596
149278
175908
209191
228250
205528
152458
152181
234546
301791
283081
227520
212008
222997
203152
170820
184567
200832
189865
189806
239106
308333
332285
274881
164403
94916
118598
186356
238160
259498
232871
200466
213508
242385
245742
234883
225406
227508
236404
228412
229890
234802
205968
167168
134535
109035
129742
162931
176711
196069
256260
333934
359368
319355
238137
168305
164972
211664
236305
231729
208558
185639
190796
229955
276456
261735
190977
155119
152040
151348
170306
229885
296559
303053
259555
209841
175884
183050
230320
255133
228174
182692
174386
180387
185606
222335
259096
242471
193402
161910
181963
229717
256302
231255
202851
234138
299334
294174
205399
132659
146152
230372
301932
280727
190445
156128
193349
216006
213191
202135
168323
152516
194606
226499
235171
254989
264526
273001
280812
263375
214179
157056
132820
144356
172020
214334
257611
247686
220100
245326
287042
270706
196665
159915
195369
232982
209604
138547
110808
188815
288557
298576
249657
196454
187686
233052
265059
267054
252888
224527
195774
185773
165453
128283
130709
171721
234914
267551
248038
235898
249632
283303
295174
254417
189750
154625
159672
177541
178096
146209
130916
174760
244356
311735
333966
278330
208658
204947
272332
294411
228553
184399
205822
206261
147401
125718
167131
212078
202010
138525
106234
167851
287104
343577
291058
241058
251068
260733
236104
197462
181892
213379
257694
262166
236318
205985
163792
107144
91681
147559
218404
261818
273169
269848
266306
257144
232600
200081
156757
141383
197191
250900
222915
167530
171484
228649
294815
329921
295237
245670
219254
182667
146505
137562
157914
214127
287698
306175
245824
167348
144242
164136
166180
154910
152998
194680
283426
320491
256340
199168
236983
298704
298516
244196
196099
186024
193847
172650
119301
119255
198710
267879
262747
224327
200704
198973
215327
231874
225371
188558
165841
190119
250588
318062
337711
269888
167914
129009
187318
269970
280463
249038
221997
178407
120398
120942
191505
233802
209096
172854
191426
249489
273603
275655
281710
276196
230104
153518
119557
148825
185130
215628
232252
202023
176594
217113
279075
320916
316320
245605
138947
99717
175515
260649
285792
254735
203363
196482
213313
185228
159853
207224
254791
231948
192783
176744
180705
192893
199878
212429
259449
321115
313271
230273
180528
216989
245026
184107
115556
124505
188833
228731
234507
250164
273223
281466
236583
187656
200121
227885
226828
187731
153332
184331
231855
231856
221217
222955
238593
249692
225080
181685
158598
189183
258100
275046
202741
150355
185286
245363
273282
251806
235806
229754
210375
206004
199837
165495
138055
162283
229446
298972
314512
251361
173439
154161
183880
218587
231573
233833
239584
251632
265032
270487
270770
228553
149690
127120
167017
200242
181506
148136
156192
192176
219863
209592
189959
205271
255625
303810
325593
315950
266204
187700
136488
154069
206213
230140
235430
232473
219997
207710
181801
138921
129569
179903
248557
295754
280372
212500
185596
215397
231215
232712
220454
185955
173004
192843
223267
240802
264146
266454
229457
190781
176849
190032
209241
245718
272574
259398
213519
171755
186317
215229
182065
120030
134131
226581
287017
296673
277917
264686
264731
235582
194773
182247
172876
178731
208586
223694
225175
206643
175923
174700
209114
229834
242869
275731
278651
212490
160316
198321
242788
219319
177932
157381
177477
202781
198254
189672
205551
259009
317829
298251
218656
174225
212207
293994
305781
200562
119609
173489
256741
239924
138600
88949
148019
226863
259921
238702
223737
244861
261571
254492
214398
187253
215892
260579
265804
233036
225417
227081
193068
149308
140783
176450
218101
246062
239960
227028
220777
220631
217271
183798
151613
163745
213896
262065
270479
251551
253012
296487
315128
256352
186801
143132
120324
119969
164954
256256
319863
277184
169149
130405
188107
243286
232447
171132
126766
159412
230103
288183
302391
252205
160002
134832
212009
289935
282883
209136
159137
194073
268364
270346
206847
187578
248515
280116
225386
184868
214857
246693
227100
169793
116754
120419
171792
227828
252351
224780
155896
142232
224386
303793
312202
255811
210615
227582
248071
232282
229020
263534
279273
226466
122721
85708
157390
222652
225905
183295
166901
226889
271175
220736
165432
212908
298147
308673
230773
137939
129490
212208
270005
246526
225497
233455
212052
175881
184100
222803
230265
211155
224425
234652
216465
228372
266261
269933
223865
170736
152306
168923
181058
168896
166673
195035
219933
192686
165426
205884
283274
335810
307918
254337
244221
260453
265707
248399
224972
184197
163440
186957
178467
133032
126577
182597
264499
292130
231002
168342
156755
187756
249051
264136
218466
199880
215948
232070
213813
196551
242961
294836
253582
167777
146801
186285
236624
257176
249002
214824
159526
139145
199105
282484
304333
253482
169590
110719
144800
228926
254537
199053
149320
179934
277773
348590
335753
265420
182343
134914
147186
208767
272120
278430
221499
159810
158298
176126
185026
223544
253159
230984
201447
188505
193737
194175
203504
254695
292007
236885
152892
143216
201627
270120
301573
264246
218209
224934
230438
207977
198194
186399
179232
204640
211853
182885
182382
229444
265780
269685
229767
151507
95345
132789
252211
340356
323222
220940
124286
134181
224884
278222
230550
152542
139955
200889
281741
298801
248957
195023
183916
223046
290600
314332
259003
193761
166539
156228
151531
133211
117180
136869
204469
296315
329990
285778
234159
213817
224861
239559
241610
208492
180813
208178
258976
255661
190369
150004
148050
177951
219520
215951
200996
227404
264566
253937
197982
153964
176076
225241
221798
197084
231241
284958
284699
257621
229880
197485
187446
194724
176404
160870
194905
233813
249349
227575
216299
247749
265316
245259
208708
185940
164379
161360
213476
278563
272751
218069
177057
191127
230329
227090
192270
171119
181268
212562
242937
256446
271808
280942
239301
195674
202738
222563
234359
230578
207353
176890
144108
119914
140952
165372
162304
179230
249235
337661
371458
304676
220169
209698
226414
235284
244063
234802
201454
155065
121407
134667
178075
216906
222993
229938
238722
207656
161976
164344
228938
324370
362185
298546
210641
166787
185278
229226
243763
199303
121579
82044
140939
265659
332559
295934
210085
157059
168076
201519
242788
268233
238310
165049
140404
201816
269021
257051
200086
186568
215734
242824
219623
190551
211217
242882
251679
239763
237442
223732
173456
147490
186167
220608
216402
218273
244078
257067
257613
224367
182772
185292
207198
216315
189356
170726
204203
248274
271402
263874
240637
201630
159399
155040
166191
190895
232192
254053
250086
228904
208805
206634
230140
263550
298500
285660
210662
163389
175734
199697
192734
175768
168314
195476
234582
237773
212047
196801
197208
193671
166329
162122
217500
266716
284741
303973
301539
240152
154813
136811
220470
288528
233028
140369
137205
195597
249558
267096
229322
182515
213043
273956
265850
185670
131656
165239
219568
256091
277268
264737
207241
133865
114811
192718
286068
300904
250249
208020
194363
195149
188071
169699
183960
210283
197541
177569
201538
246864
287223
334452
349754
294726
192309
108645
121203
191709
203928
148965
128874
164805
211745
215323
207087
248808
314965
316305
247844
205030
218265
235710
218846
204545
194245
153014
129085
186328
263916
278260
222368
159741
170238
215999
207306
185152
236775
291325
262100
216169
210019
234845
268163
261590
217663
159614
145045
187227
219988
226267
230564
223136
175685
133643
153168
220184
270257
264281
242979
256263
307474
321361
249449
159123
115944
142692
170321
135657
119260
195883
271193
250680
193336
193476
253653
292054
291640
258098
203096
196256
232705
225584
182620
179006
187842
192697
213982
224941
234404
266836
268989
214407
182297
191217
200492
180384
134982
118924
183571
279914
296973
246226
215073
228928
255216
265732
257543
238959
229789
234065
217500
194265
201355
192013
139393
117891
184004
265637
276739
204377
121725
134906
236292
308251
276723
192263
155511
167645
212399
281415
303074
246295
213814
242700
241741
165333
103513
150675
247580
278086
223082
169091
190964
241796
251954
218774
214028
240009
226332
193379
203296
226071
238784
247589
224521
164294
130794
155733
213428
251464
262812
275789
290677
291389
236135
162403
145226
189698
257467
266060
196802
140990
143785
190065
232550
227791
190854
159948
139004
144272
186917
241083
297636
332775
309308
268512
242779
233560
212677
182384
179516
202274
208832
200490
182663
167427
168262
185981
224439
273756
270439
237766
245458
250866
232364
220973
191459
163745
180020
194622
199309
228343
243794
217653
187288
193264
243904
292538
265072
191713
177567
234495
268465
256310
213950
158785
148309
195266
232097
239703
219852
184603
156317
179810
244510
270986
255145
239691
230802
226182
225766
213053
173237
142631
168338
213540
244937
246048
211956
200100
228976
245253
246882
238710
188712
144004
166221
240124
301419
298765
238713
160778
126698
160661
223796
263297
260684
259409
273086
254455
195396
163534
155289
146353
164590
211930
238420
258498
281461
269098
214372
182960
176497
161823
177722
226874
240096
204068
196887
233283
246857
214882
204990
234028
250679
228228
179507
129704
131023
189397
257070
295025
306545
300412
266667
226057
186386
175833
224359
277115
249122
160964
99747
102751
166342
214411
196078
180615
207871
269154
302380
254669
195691
221921
283997
294834
240964
168159
132934
170108
242348
271639
234299
171779
165440
239804
309356
277876
158937
78455
112755
212681
283711
264911
230227
252999
262519
211455
166570
190557
265373
300910
235093
144598
149907
200664
183857
126447
118851
185161
281384
344595
334624
274564
203932
132353
102724
140367
206805
257104
268425
244394
226381
209165
205475
235544
259593
248432
212360
198422
210314
213643
201523
212636
262400
277182
217877
159397
167500
189377
189817
204792
229601
231117
226311
200862
163168
155481
203547
283133
308070
236466
162740
190263
286403
314814
238409
167892
152215
148733
165139
212455
253307
256766
223871
167887
128504
163757
238964
256899
198464
153939
179177
261262
347491
363131
287714
194370
172231
198890
232228
224068
156189
109909
167070
252771
266952
209824
150670
158405
207231
257689
268094
221452
177852
188540
257790
317008
295106
198542
104694
93126
164221
242103
271036
267351
269060
267330
250440
199866
165391
201866
253157
243342
191463
150782
143407
171153
196590
214198
227907
240508
240039
222082
195528
185312
215779
238699
203389
161406
186398
256373
301311
305547
261619
201633
198128
258772
281131
211031
156941
171659
186691
169137
141399
154054
203179
251182
259625
223782
204356
213477
243071
272979
252670
212221
215800
216463
202220
232162
258378
222673
199258
206408
181534
154332
174904
211520
234776
234802
236668
247039
244866
230284
209344
168814
148768
192098
231378
220668
221512
238604
217147
191561
207505
215089
196477
214702
277439
318717
294637
209528
137100
138799
205599
283942
284800
184526
96558
124221
220285
259014
229931
206671
224264
265892
288290
260589
194830
141207
142453
185806
212246
196582
198644
235955
244221
190492
147180
198683
298486
312201
243458
200691
227466
270416
254007
192952
162128
210333
252689
202555
131040
118368
175481
256725
285160
256503
206349
195844
252667
300355
257740
170062
140464
176100
215120
196510
145408
144271
194907
259189
268020
213751
200395
261117
305656
295513
244971
186276
167771
164435
154805
173651
238021
295569
278268
213901
185111
212817
230428
234137
249260
244291
229045
205173
169706
173697
192494
170838
163852
204767
236373
221244
175938
154588
197161
248978
280530
288942
268896
237890
205498
166059
161642
215223
263421
255199
231526
228561
223804
203859
176274
161026
166103
176825
191277
195199
216039
265484
294759
287993
264220
263745
266764
225674
162244
150962
208604
239921
184547
139140
199370
277883
269565
196613
140139
141853
152941
154092
183663
240664
285700
287817
278310
297200
305561
239489
139967
110575
169745
242297
233285
181279
193983
251486
250934
170691
121187
168117
233738
257890
238307
214823
225201
268934
303453
266703
198780
169420
180828
209379
207830
184603
191570
224214
262081
262777
186592
117882
153114
223579
244101
209334
183212
232719
309834
291755
217266
214788
272616
280002
199343
99060
92674
181666
227164
194972
188038
240681
269368
256969
267985
279092
221601
154593
173957
261937
293901
230526
180108
186410
177292
133403
130631
190547
223906
204465
209900
262418
277942
239933
223820
268481
300467
244542
164690
153923
179162
186001
183273
212039
262254
276805
241662
188741
185338
213918
218034
191858
160210
178665
252011
286566
217884
154527
205590
290070
279913
195087
168048
217568
238950
193888
172218
192922
191762
179471
186446
212543
245345
284557
311129
295257
259756
216760
174543
150170
177224
242850
265221
203400
127342
144301
227562
256797
188855
119899
148149
238983
267653
227606
217180
281290
334055
306545
240412
182427
128479
116331
174459
223327
236999
230724
208455
199428
197485
209796
243075
247181
183069
127382
167759
287862
368633
337112
232467
131069
104774
154403
196409
201740
213884
238123
253218
272194
270062
228620
217083
235537
205462
127091
106556
179631
239642
235019
213384
229325
269611
292239
283437
243778
201826
155640
136969
185027
254438
275639
223090
128612
82076
146213
275607
334179
275150
206157
201190
242083
272323
244323
163598
127653
174407
216464
228215
230875
210009
196506
220870
235424
221711
234001
273799
269018
219359
181437
187000
228576
280473
289828
225584
124412
73023
107545
194091
279001
295355
235249
198541
226360
256294
241356
184550
130728
144974
187923
216232
239256
274099
304784
291890
248983
191705
169677
221179
260192
204071
135543
154435
241624
289556
243021
182771
192351
223610
199426
168325
179930
216104
256584
271703
243695
185577
157546
176996
206669
233380
275409
304296
278234
215943
156099
135516
178905
216839
200550
188791
207832
225645
219441
187760
162943
182681
235734
290588
316970
274430
215584
205028
233390
253223
229406
210412
209754
191762
189068
211923
211947
182063
162484
169504
184247
170539
146716
186422
261993
276857
220157
187569
231188
309291
324919
272094
222231
181085
150241
180620
264643
311522
266226
175535
135965
138917
159798
202276
217522
211093
250096
285691
252613
214443
197656
189908
195377
187992
188573
238094
283063
244673
175726
180288
230209
228010
199758
230285
265999
220996
171600
206659
268122
249673
168861
154738
215100
241308
176840
117343
153124
246927
324712
323697
247734
177289
154879
182156
239317
255989
210335
175236
206518
280224
327994
299098
207616
121287
115467
155174
162537
156153
180738
220935
254582
288096
293612
235917
167187
161854
223078
294521
292964
199775
120902
140418
231572
301279
278670
215707
164767
158116
199400
235776
257498
268038
238620
159648
109528
137239
204245
269813
280193
222587
183841
229732
271143
222351
167722
194055
258278
260827
196287
181053
215662
209136
177801
186450
244230
274946
244835
226929
229390
206309
198425
211706
196418
177317
167953
179974
244874
309292
304440
250043
180579
107988
83885
159316
286883
345025
278377
169796
148387
214259
294019
300090
211474
130596
163393
234666
238221
222193
219547
186552
147205
158393
210745
272687
284073
215555
155633
180391
237935
279171
310162
291843
192288
102165
105597
189572
274933
283523
254120
239364
214198
193248
212410
227514
197391
145834
120504
169141
245989
253552
182408
127837
159698
259944
352571
356749
265280
182752
210823
279710
263225
155016
90416
160058
243274
213582
146443
159583
239762
278253
259655
261006
273887
241198
194622
155689
149532
205954
249813
214660
180578
221163
261820
233085
187840
176661
212058
260778
263106
215729
181463
182907
200357
203060
159104
120296
153773
244213
331864
340225
279152
235242
227943
219198
176365
156541
207560
265528
238108
160498
158711
219994
230585
159005
125280
188484
246822
244406
240809
271971
287624
271808
244200
232802
226954
200628
146750
111948
140823
211885
256831
257414
230882
211553
202645
201074
208912
249563
293980
289306
236701
174192
122860
126992
187773
226602
226175
212895
229646
273996
293516
243993
149501
112183
179709
243094
239411
221888
215963
235387
290035
314303
262171
181169
161303
202020
217630
179357
137101
134282
174572
207461
216660
204408
210611
254089
268633
239089
222962
242564
262925
284496
302097
261258
180057
152486
200031
246748
223089
151179
116559
124783
161047
215591
236520
234833
249510
267000
247347
207578
195449
210757
227952
218246
207985
212367
232131
226182
195668
197078
243360
259343
233286
218381
209258
194784
208281
243623
254964
256462
247770
224722
186012
130242
103038
120615
169188
228894
267516
292526
302830
264350
207303
187615
179508
186575
215118
227684
224381
198781
174981
198571
243761
253733
233616
238073
286151
305936
253602
186581
154640
167377
176782
131670
87719
112246
178138
233209
265384
296746
344730
357835
300498
238492
211554
194542
164833
134405
131074
136523
113912
108613
178093
289038
325513
264338
228937
266895
296178
249553
186789
188674
208262
195081
184941
214986
264779
269743
218842
198760
212913
186084
143226
161953
231643
285717
269735
194714
143569
177903
258413
285529
256024
203502
159811
159780
193083
233187
271931
275345
224713
166505
161929
171203
181252
235071
302164
289465
182932
96218
132449
262941
338407
274393
146110
94290
169064
288379
318781
252605
205476
206479
199546
164035
149626
198495
269656
294294
257993
196332
148449
166357
230512
257182
256963
241772
204653
186671
188796
207953
249148
275901
235641
155224
133938
199549
258371
239880
204681
182487
175644
203434
253683
300924
289655
224589
184830
189674
211893
204194
180077
203376
272272
284757
200462
133167
171872
237222
256651
230488
183760
162313
163396
165736
196811
272344
323082
301997
220363
132830
131412
226144
294936
254001
168385
162125
209012
205107
169845
192766
247049
255988
213590
196116
250226
307663
284164
236219
221088
183744
142496
162923
222711
252539
226197
193520
183207
208223
250998
267198
242850
192483
131517
125384
190328
246976
262256
254746
261292
272148
251777
184296
120851
144604
225309
268623
232101
170922
162372
185162
215815
261183
301214
296056
235793
151908
114565
161328
249637
303749
277995
216879
189038
217855
246079
216699
173814
193948
216731
191486
192830
212254
211021
211517
212424
217123
212100
182972
185268
249050
292959
291403
257085
204978
198434
213736
178451
130560
154710
226844
249754
219545
214222
263303
295926
281703
215703
142177
124162
184920
283953
317575
239440
135111
127413
212367
270732
261167
201752
153038
183890
237365
231737
201863
193784
211676
226088
234959
219692
179400
162056
210284
276461
286490
260826
232081
213690
195329
193134
189629
191688
217560
215234
182588
179307
230529
293493
295770
252674
221492
219028
201598
158531
143011
163287
207542
235068
210481
164471
174708
210196
216766
227449
276688
316314
299046
232406
160349
138435
178007
200975
183732
183759
230101
295635
320548
275672
215129
188003
177692
163799
157456
160687
166418
188275
200827
185302
206883
289922
328955
271162
213454
218805
228576
206496
197524
207262
216866
217467
217890
213897
218934
222124
235748
233739
198709
182278
200155
231628
234327
206589
197459
199345
176508
162664
202242
267927
290230
261946
219080
221520
246629
226895
163572
150353
191767
210713
213536
232437
232091
181981
159123
232650
315384
288846
177156
122938
183828
249221
246734
217719
201840
215315
238953
266796
269551
224390
170075
155812
200818
255183
257536
203813
159232
166702
198767
202337
156063
141921
208490
288625
331252
303930
216779
161154
206038
280181
263054
189004
162982
214695
258407
221219
179577
210725
257036
231526
158849
137026
180663
220776
205458
176898
154193
172104
258430
330666
321774
264461
210754
172746
139312
151256
221761
260925
235818
225530
278557
331680
318327
234877
167607
180709
231878
281816
297221
265529
208253
168011
174613
193857
179212
166203
216263
303176
351965
315372
238945
219584
270455
310807
290489
231376
179562
148076
135439
161666
201691
211719
197822
213340
248038
237680
217160
239717
251279
232362
230364
263781
314862
330977
279855
189171
118184
109634
128400
145288
185081
244403
250648
230146
247455
265041
263836
257550
220029
165342
163400
221488
268227
257458
214991
213167
241282
218524
155405
146843
187966
194327
160876
161998
185297
206323
250777
315458
322060
240992
177088
201314
233778
232111
231268
228513
216337
224389
249095
229424
161389
141454
192474
213267
150503
97953
145008
255657
329674
299195
212100
170269
182533
209904
234869
257317
234283
182300
174390
235310
304797
288054
193695
134205
120794
132235
173790
221601
266553
281689
234351
166900
145651
193317
271066
280397
196406
148705
210943
273426
241550
188056
216480
267614
248081
182399
147625
155615
164243
183111
204269
203411
195883
210486
238264
267413
282927
267648
236051
224373
257897
285983
229884
111528
45746
93980
204109
258821
223979
194632
226031
262022
247924
207596
184364
192035
200584
189081
182758
179014
195777
252507
286045
236920
187167
225730
278170
248233
188759
183794
195653
203360
245361
268975
216632
150910
153011
216470
256602
259555
225999
166164
148270
188004
228123
242658
212317
139331
105498
163175
258213
287172
244473
209336
218761
255545
298675
298596
243237
166903
141544
186717
217370
191415
179073
226994
271997
261401
198635
131725
128993
156738
175489
200777
209543
203517
229508
269793
289874
294242
267539
229969
211144
198116
201718
227927
225003
200055
172919
158485
162420
193569
242869
267157
248434
187023
148845
196985
265343
246317
181459
168503
205576
237170
257578
266468
260403
232432
180976
119825
116649
202782
268574
238122
196594
207944
242497
259113
246203
195213
122901
99835
168600
276988
312758
264317
229832
250799
247840
214360
214333
232017
227679
191121
129931
114682
183300
254697
277001
246269
173989
132041
167873
222811
250255
257148
256949
248056
234497
240942
277828
279700
194313
95597
83057
162083
265473
302615
259406
198986
169249
157115
142512
159871
191547
184936
189369
247104
289813
286979
266029
261248
242821
223965
250964
274115
212118
118358
100538
164766
236434
250456
245649
249381
224456
168208
154482
196077
215225
196898
189987
231398
304086
321723
235819
150010
160952
197006
199648
200179
231478
271207
255723
192475
167007
207655
239581
251773
240773
193758
167612
169103
181883
210144
229988
235307
224667
209367
192639
193495
229355
289628
317582
267169
183906
165992
189608
173459
145265
178494
222057
209481
196289
228469
240740
232919
270525
307078
259041
157980
123458
196426
261800
232630
196908
194397
173990
158684
195439
243392
234815
195903
213255
282463
294536
233861
186035
200513
235371
247323
258091
243280
186318
152034
161527
186644
181297
154195
148765
187135
247909
301488
305323
248986
214067
253961
280714
227239
172541
171545
188671
173728
115660
87843
149333
227649
268590
291567
304893
276738
201548
152335
197312
287528
290775
212411
174845
202210
208617
199107
232412
259145
232631
181775
170067
221985
252923
214045
182699
202028
214949
188873
169508
165507
196205
268708
301605
239487
162675
164967
228040
292761
314973
260569
166736
117101
168172
274804
321032
246839
131196
118609
190259
216922
166449
119868
163248
278144
325117
244676
175968
221301
290441
282319
217263
198246
216305
215154
203394
175320
145571
145887
178437
210155
248226
293486
302460
285166
240203
182936
165424
201393
241117
223312
182130
188868
225437
227617
214848
196988
170181
191226
241435
234247
163810
121669
173759
238161
237692
215474
243650
318146
346291
268864
183709
201460
246348
219297
177610
178585
188018
157606
99921
95396
183792
268930
269677
264517
276728
259184
231686
199216
166153
181648
266062
310844
240099
142694
142686
220597
266077
258776
228385
209280
187276
164275
183694
250677
289090
241389
148263
111910
170232
259813
278704
234738
223022
235590
197124
157922
192792
249875
271280
250746
197724
131711
124917
211906
297445
309580
267086
199291
140575
132912
165287
204245
207145
201795
255895
314656
292983
231413
198234
209126
218255
211633
182303
167350
211497
253368
213313
153013
156276
216253
285598
315243
274551
214115
209282
218741
189091
158663
153955
168328
196033
239618
248331
193467
149994
207201
309345
338766
264950
150643
98019
156267
267906
321129
262381
152221
124870
210984
288982
255446
167738
155344
217132
263097
246218
201773
166431
128651
117375
169445
250228
319636
334663
287321
229528
182562
174093
224877
248759
205506
190440
231357
241088
194536
173470
202647
217880
176287
131409
156674
237093
279306
275766
267175
248904
210862
199689
211711
211419
196652
174773
171926
217301
293831
320509
258777
167349
117585
132770
179862
212248
224467
244429
297566
325226
270268
201537
162357
153099
163711
151983
151873
213576
278093
271173
217577
185294
164680
155199
176604
219995
261750
306326
345240
323348
241364
188265
199729
198576
141500
107009
130084
198310
251063
231321
204328
227720
252760
269998
269801
213039
135555
126907
206516
313033
348021
294313
216445
167400
158091
156880
174289
211440
222596
194694
184224
206827
237123
225659
204928
221312
223447
201679
225046
302305
332517
271253
208309
193952
188058
154215
112794
130413
180301
199583
199724
195973
218016
287875
344108
305288
209683
161989
174347
220432
254143
256072
215883
151507
120670
150120
206803
256507
291225
292997
258628
213673
187817
171954
175713
217946
277813
275393
193283
145080
193631
249844
241451
190957
172887
196404
212134
179648
141451
156868
224179
299431
332823
293795
220597
207752
229857
195510
139245
134120
188122
261647
288023
269159
225388
168435
155151
207436
231831
219721
225005
234286
236872
213419
169804
147631
173609
231386
292324
324451
293861
217195
168215
149401
153556
197514
250229
249403
209001
182090
184605
201029
194003
168788
176443
217602
276641
310276
269382
171946
117118
169737
277800
337146
303809
224715
162570
131420
153125
214389
245222
238788
219257
228518
269732
265956
171128
89929
131006
260753
345751
319808
225674
133628
95087
119536
181684
251318
276767
227698
194172
233948
270856
268662
226967
183386
190849
218607
221487
191756
186724
243491
293711
262112
186613
160673
177678
170764
159576
186907
197836
184857
203610
262805
317348
322293
281668
218073
193568
225226
229845
176850
140922
181575
266868
298548
220774
98487
53232
124072
243309
314161
318135
271408
201103
187844
242962
252905
192561
154101
200397
265587
262983
235152
228449
218725
173485
108348
110567
216802
316459
291234
188929
150774
197588
260147
277134
265973
241105
210871
171092
163044
205860
226745
224956
261045
294837
247296
141878
93362
163733
257008
267845
227063
196580
225910
278368
275403
199210
117680
115881
178851
251482
283943
272798
247067
207625
139550
98908
154469
271559
340115
302025
193586
137230
199413
292654
308925
248830
167874
120785
161610
219027
204628
170192
176301
216515
229309
204675
212674
266352
292585
287383
257668
205374
202016
241781
236731
158408
82729
105969
211207
269573
223765
176076
217377
277507
295590
264253
205055
186298
204959
200656
209694
244266
241787
206830
161714
146072
204834
261055
248256
229269
236749
247885
233560
183011
152374
182177
227795
259391
269322
240692
195075
206512
236313
204184
166001
171709
199444
229751
232575
218912
215821
251476
275712
237478
184274
151704
167575
230834
270919
253158
202172
165509
197059
266784
284448
225033
157330
155110
204057
226567
205250
199759
194116
196170
248869
284946
251158
204586
193155
235578
276198
252916
194253
157045
157556
197713
249592
253535
239454
237734
226353
186181
172882
218539
234666
176334
146985
216652
300161
293236
191966
124901
169708
246061
266474
226501
196548
205549
245889
257871
213404
192078
201844
191171
194152
230558
249485
213621
148806
121111
162383
231169
272715
283120
273487
268100
272257
272615
265468
236076
209086
190338
177947
173755
160713
127925
99519
109451
166429
240802
268936
255808
270087
299098
275655
190641
148882
208775
274371
271457
215709
169247
171501
219656
283474
307941
271320
208513
151647
145662
198145
218732
175002
147745
183643
235084
270854
288631
255164
209368
213308
233570
245041
242396
215413
176218
153007
126885
100618
120924
182716
254610
276431
263548
289168
320227
295329
232062
159392
123785
165246
252219
299686
257867
198465
218534
263356
230299
171212
168467
195857
197003
167366
149740
183446
217373
197654
188894
259899
319221
269115
183663
169222
221301
266663
266934
244367
241020
256410
228962
181519
189489
217389
205942
186467
191556
203737
198220
155962
96785
85180
146947
230730
299183
344880
345416
328972
294109
226754
191445
208315
211180
177568
132896
101656
117054
162098
222840
276012
270681
208946
175071
199053
260862
321326
317160
254546
186839
170883
214081
252964
245745
190517
118537
111422
198965
282007
276627
195757
125771
140385
223956
304650
309882
251061
236909
261136
238087
188125
154547
166465
193750
172549
128048
137834
199020
254655
273525
284721
309724
306128
266275
205044
171966
210023
244115
185021
102860
108113
184233
226939
212561
217001
276805
309120
248619
182384
189492
200036
179725
193092
263159
288278
225832
169024
175054
220501
229705
212380
221002
226434
210738
224037
255770
251850
220772
188403
146774
105885
129855
238007
304938
249818
177643
207533
296305
320543
271418
213370
211069
225242
197791
185069
223574
243609
192081
110440
81972
145869
240797
263473
224152
216302
270034
304540
284331
228459
182458
205540
248748
224150
175646
170715
206676
213602
193176
214400
262184
260526
207493
151294
127874
170852
239692
253390
207847
191549
209417
223506
243223
257776
252808
225027
197494
205237
243856
262509
270884
271381
238939
171563
98660
77274
144563
258507
316259
289128
215745
145527
132191
193890
272169
271179
214045
209231
244662
235791
194435
191319
232703
257531
245668
207954
199204
230028
246944
218131
159153
118968
154310
227279
255851
219711
177803
184330
230892
248482
213525
197370
211349
241716
276457
264422
231124
253150
294760
279235
210801
126545
95944
166227
230678
202052
172498
207060
259679
272221
237001
191742
181607
184856
169034
160532
180796
242508
289884
253325
187825
196339
276624
312733
257710
209412
210580
217104
225700
230560
207505
179276
155225
112417
93127
148247
246377
293551
270260
249684
262277
277252
272043
256934
243883
218349
204981
226137
239009
206049
157525
116910
88684
98825
132207
173221
231826
287249
297184
296288
295162
269112
241948
209363
174167
173015
216799
277474
284402
222332
173684
170034
179657
176395
183965
196747
198950
209475
246524
282479
310512
305549
246169
182568
139052
122123
159680
222327
228159
213197
253405
313991
292252
171715
71129
100847
222852
282973
237136
187110
213371
295064
337564
288738
202268
129762
91106
110836
169365
230576
250395
254083
281275
275444
191389
137647
206654
310044
308834
201040
135447
185519
255519
233382
152167
140203
232416
313784
285269
178285
111548
138299
225600
306124
300943
209936
155783
205527
268630
260635
204361
165377
169390
192520
184305
134443
129518
220987
295330
274602
242282
253167
256985
224078
201201
197911
199310
230220
260727
244625
213217
197703
197850
197043
219299
237279
203937
145921
152962
235377
271464
243729
223784
222302
226791
200479
175949
207121
253486
260662
222182
163026
152353
217749
261559
258812
230023
187279
179396
206217
238855
239105
211787
204151
208325
194603
205678
224336
190047
151376
180937
266681
325666
288373
222825
215534
266062
277057
209484
151611
146075
182047
213337
186150
150973
193854
263967
273969
230025
166251
137133
182802
263910
314349
289233
202851
153215
203573
273916
254634
168771
129465
144324
192683
268401
298017
236021
168007
189571
254050
253458
209841
208600
246872
242345
213842
234190
252338
204005
145222
139863
193836
241068
216490
155826
160518
207254
245894
276755
265181
229708
228494
225746
189655
170059
208644
277821
300912
248440
173560
156286
188298
208630
176993
143073
156709
194555
246339
283659
257999
214624
235079
279407
266540
224140
204271
205701
231001
246194
211023
149832
144740
189443
202378
178133
176143
221284
282663
281025
234284
223087
249270
274912
253871
203460
177152
156497
149627
190807
233032
237493
205154
183374
214452
238084
223168
218147
217406
208059
224164
255166
253131
235462
219851
232681
236758
180930
118095
125541
197385
266868
270059
232703
221321
227135
222859
218088
223841
208744
185122
186382
217997
247606
258323
256959
235101
219075
245798
273045
244337
160974
77993
83057
174919
228255
189812
169835
238953
310704
289454
219852
201184
208715
197561
211732
273668
297417
231700
169110
188705
220085
200520
175615
187611
231636
276083
256425
209039
204965
216677
212564
195189
182011
179063
186294
218044
259848
264120
241358
215783
200835
178035
176912
212591
234496
226885
212158
219252
238634
241829
208663
149414
134460
184704
233430
262799
277660
266118
234356
213277
186187
138712
118474
146896
201047
251244
303699
345175
312738
237544
207834
246651
272962
229142
148909
86745
103100
186177
239897
239957
222774
216946
213793
180377
122661
111971
190626
293537
329602
306710
269231
248611
221899
190263
172821
182216
210669
226062
231130
239556
252031
253516
211098
158822
163041
214529
227366
202365
217275
246400
216725
185296
197320
206119
203966
184605
171520
198163
236123
271844
279502
247540
222592
216580
213175
211718
235523
249923
207660
127060
114902
212669
283817
236165
155127
165293
255951
302140
288243
255763
223669
224273
220874
165555
122877
156768
194868
201071
216697
261099
306860
289471
232145
208156
200320
197416
218709
216253
202805
224657
223606
192432
191366
214993
209677
159977
139102
187494
232262
233004
242287
258487
256121
238535
231006
239498
242882
211908
151402
127023
197147
272390
251817
203119
217263
242700
203776
159704
202902
285785
290197
213345
172966
202497
246124
235515
177297
150367
160136
168360
186381
227009
267263
293551
282965
257973
268696
280568
255713
200554
136682
105085
113907
152717
221722
255848
209796
167246
205551
283002
295201
212761
147515
185395
242925
257407
255112
224093
192617
211280
229742
214941
205741
233040
269420
259368
219224
184099
178021
191101
202335
209032
191099
135669
121171
203167
287973
286682
239941
203318
194644
221300
235914
208691
166339
167643
237759
332272
363788
293225
185347
155426
197877
222517
176852
96393
86725
191557
300697
292528
199033
156279
222719
290439
251722
186509
199685
232156
243374
260661
273324
263870
227404
179812
154561
158233
149723
114214
123110
221733
310745
294033
235461
210051
222120
232605
203232
192056
224527
239685
234559
212330
203913
246851
276454
227526
137730
117441
204364
288292
262016
191371
186992
228209
261548
236147
175715
165019
232847
276670
242490
202683
179127
179015
210538
232532
234817
235728
220524
182803
171630
173451
195970
249332
275018
264528
242993
232916
228642
212482
166648
109989
113870
203684
278804
260612
207818
201516
262953
316578
292457
209370
149752
167206
201408
197021
201676
215875
187118
158713
198281
287537
338858
302686
223771
173840
166937
181770
179692
149989
139033
166399
232353
271383
243000
212039
202231
220843
272565
287011
240116
201235
207971
234468
245297
226526
224919
257171
246320
155566
82137
105547
187431
245053
239888
229369
261080
280430
250213
184852
158243
216784
288147
280675
198403
112870
110123
200423
252116
203511
166497
186664
199801
211022
253700
282200
277637
271960
276025
262685
246192
231520
209805
180080
152006
141413
150015
173180
177719
150619
150624
200523
277115
316555
274829
227614
253197
294767
301748
269119
190106
138093
192758
270582
253194
165770
124881
159654
184551
139086
91493
133792
254406
352508
344469
258678
197804
204679
238767
238655
208564
164787
165693
230549
275853
248758
186352
158476
190698
226167
229858
192819
164698
201107
285738
315036
247227
177776
182800
212194
221210
226622
208090
186497
205547
229446
238761
231527
206497
188583
211033
220914
184790
167770
203896
271333
288071
217783
158715
206099
273943
256234
214474
215032
215697
183061
156597
166287
205250
233806
252441
242926
199561
188297
248935
287492
243088
210213
210327
176191
138462
158455
224855
279144
269441
223805
211974
250503
294037
268987
173326
120837
164814
206108
168934
122625
145268
203309
254371
297060
301550
284511
259945
217413
187113
179384
186907
182097
176506
203883
239291
243678
251306
252891
219194
208972
230753
218266
159225
123128
154808
219298
263647
285285
308223
310632
271927
194636
115361
114955
187530
241112
214576
137544
111694
178685
254633
284568
279968
261775
232145
191700
162809
189230
275212
334206
291105
184160
123283
128839
174195
210660
187931
152388
175490
255619
332930
339995
301555
261809
219027
165951
111974
99197
169252
250500
247624
182716
161664
231245
294243
264432
215294
195747
187834
195536
210292
232279
252430
272623
256870
180497
109830
135203
225881
254445
211725
200254
274185
335198
297663
223092
166365
134633
146563
203946
243700
215700
165965
169075
193928
199805
219177
264523
276213
255351
228763
228214
248809
239695
194072
172983
202276
222596
213440
200784
221454
240579
208702
151828
142292
189141
259712
311481
298663
239607
178086
176792
246797
298812
252197
155159
117590
126630
150287
208367
268590
263696
195868
151641
175783
250188
326565
324369
227076
157074
208437
293480
279987
178337
109205
106124
128710
158797
203121
250009
280789
284493
273920
283975
310636
297251
218563
137433
142526
181224
173531
164727
188008
190808
141075
117901
172002
231301
248758
268053
314145
353666
330606
244759
190251
185985
171774
166421
199235
226234
222796
184111
121188
96664
159136
274670
331010
275601
173648
146494
233391
307604
263735
181411
182655
262086
300545
231554
135742
113624
163736
219281
256517
276389
248280
196526
186229
219176
228483
218999
229221
236500
223553
207575
221852
239376
197226
139234
139763
193930
245821
235733
187531
177245
215954
258544
285745
285105
280644
268409
208797
138900
144425
187024
195060
189355
193689
210962
213936
205806
223433
266971
257091
205817
206226
270736
299908
250513
194065
155161
137279
166679
228978
260085
225420
189319
226367
275479
252050
205569
167538
160892
209613
254210
269269
247413
168301
114713
161984
244943
282851
240425
187809
214818
279646
280978
222005
178377
184105
193191
160102
121483
135182
195559
265959
308902
302567
293563
293615
248624
168177
142333
170766
174466
147026
174752
251541
269801
191732
130045
185432
271495
262644
200656
171637
201939
253726
268265
245827
244736
268563
257516
214849
200973
247761
282025
246707
165688
95491
83982
114528
148579
175388
218081
280186
320123
316877
278283
235303
224297
231176
203240
143286
134757
162228
174783
194632
224313
241193
220400
199181
215308
264639
305530
287475
231968
210784
244710
263724
245526
190994
129364
137579
195940
226001
212932
171523
125713
138036
213150
242631
223966
237713
257990
260777
272296
293447
320677
323053
258391
149117
70546
84549
162497
189062
155749
162970
251516
317868
274534
190438
183718
260765
318384
279109
184251
145558
151261
172387
210980
229394
241372
245111
203726
176462
216942
255564
256507
248130
227116
187532
169143
164811
193219
260710
284249
221579
148665
161436
244444
300792
262119
165189
114227
142879
222957
297043
302913
235514
179219
169047
194050
249760
273186
223192
193186
210386
212758
194686
164854
165841
230248
294067
277609
195092
154742
214314
272857
247358
197830
165634
151689
175568
245016
296121
279527
207912
139702
129416
172502
220129
260727
301587
297533
229880
178153
197157
227997
221631
171510
130038
153219
224926
258440
255927
260337
236386
199293
196430
220536
241523
219746
171529
174592
244661
279650
236076
185184
184284
221645
237291
210718
201066
231254
271573
251202
161364
103106
151099
241340
251064
189404
170200
245475
338535
332104
228637
149508
145925
185590
200623
194008
198678
202329
213655
261261
298692
256911
184138
158672
181049
213188
229802
244983
269460
253886
213375
198269
195391
206010
215024
175648
128078
161785
249296
277684
238287
196891
198143
224679
246401
245753
237353
248750
255077
257446
243332
201142
170821
138830
118330
149490
192554
221467
220476
213498
240410
271436
286601
272481
225086
203342
217605
217831
183059
144750
152690
187681
201807
202956
218976
257440
303646
307463
274075
224928
195551
213651
216252
173186
138694
163615
243456
294860
258767
191661
148163
151982
197882
229384
209191
161807
143850
173123
230790
295502
341782
321948
245146
186260
158952
158091
201502
277978
304415
236719
129668
99368
180235
244435
207897
144676
157321
243510
289194
271680
258571
243785
213569
191880
200942
245080
281896
261804
191152
124188
108846
167683
257398
294839
246755
168595
154810
192605
231349
239104
233342
232100
231260
219371
195222
193420
209205
203645
194158
233378
272568
269120
230506
172630
162447
229746
291683
264689
190138
172831
204321
211586
192362
212945
259928
256201
182320
123318
162395
261949
301961
248168
175905
184699
247209
275573
228209
153431
136109
167355
220790
244542
218959
201665
220107
247896
233188
214378
249664
283531
253909
210377
191111
175495
171926
210523
237736
204928
174469
183512
200049
230941
256192
223731
173492
182395
233876
275310
285071
251789
204860
185424
204088
224895
239347
248000
227819
209233
206426
212397
193647
149273
122985
138491
204098
275456
290087
247767
196923
175925
179956
174198
161598
189694
249997
267080
247811
261732
322540
345151
282723
219378
200229
193247
164465
122219
105371
140671
176295
172053
194741
242713
242034
200978
203704
264352
304897
304051
283912
275272
265408
233062
166971
85987
58595
130181
241622
274992
225944
193535
218380
265538
290925
277690
248534
207518
175761
193667
260157
279526
215614
146824
126836
152904
180820
200235
208914
208155
199372
213402
233545
230050
229023
250099
261500
258266
261047
263753
235674
199561
208298
249545
236593
162104
128542
188487
235831
187196
127431
156201
256885
318676
286063
212386
175698
162808
150457
187587
258361
266218
189917
136307
191056
302022
323343
250950
220900
255794
272715
233798
158514
97927
106272
186682
280817
296645
218979
162143
205650
261063
243475
202473
175910
171798
196023
234453
246963
245976
256936
236046
190839
170865
207090
263687
269399
227310
183903
186223
199698
188223
176405
189927
190327
184251
219398
265317
285586
279595
245481
195095
153660
158788
179333
174267
187306
214830
219601
219433
261290
318028
318857
287433
261873
217288
156727
140022
160094
184439
192756
210135
238927
244012
211841
165486
142407
185610
254214
264558
197822
163069
236296
316492
293795
193176
149565
213982
263898
228976
179351
187362
236757
270667
264773
223984
178788
162831
204486
228169
170661
112014
149106
248511
283380
245899
205261
213559
256738
266086
244527
215191
172357
163887
226272
269502
220540
153122
145897
208369
277667
279432
235662
196197
202350
224796
214675
172052
160632
211833
257771
246065
202261
185296
225884
288137
288906
241691
204531
185224
192568
196182
155290
128516
160426
209173
246920
271469
264241
259086
294154
301710
237079
184758
177457
151433
123017
151684
193125
187792
169628
193597
262861
335808
337588
246112
151351
157102
253951
316120
259956
137767
82306
132326
194601
228729
267068
280903
227671
167956
190274
261819
287190
224044
125071
111718
189691
246490
246414
213843
206172
253874
296263
288474
254817
217904
174236
140113
162588
201333
194023
192816
227837
249009
222069
205020
235247
260934
249313
216950
212858
231723
234963
188055
128302
124026
186589
282993
330165
267713
185024
193238
268687
297862
250749
169393
91209
80317
147562
199813
204259
210644
236952
270310
291869
275433
236265
232313
263396
258658
207206
155560
168747
247468
284049
204516
103973
96446
170646
269135
311685
265687
187889
151705
181476
220047
235248
217392
182027
167839
216960
301858
322526
256288
201760
204170
201248
174583
189965
246013
261817
229208
194443
217940
254901
225025
168629
165249
182689
182166
203175
248574
247329
202139
192357
258854
317237
292694
200635
112485
125034
212440
264728
229596
143525
100944
145266
238500
311385
310359
278583
255756
235477
219074
210079
207177
192734
179913
179765
210933
229495
202800
190102
209559
214039
175336
145587
187246
263480
282669
247865
244639
282616
289293
259196
200571
150453
149395
204032
258683
250525
210047
182620
182663
167980
138227
155193
222690
263204
259978
228860
205511
215747
247332
268273
257542
232807
221561
194161
161176
188888
268152
298309
236398
162065
168587
219723
211868
146498
135130
199443
258685
253005
211123
202402
227534
225904
173843
150087
217817
286672
274767
254621
253964
225334
198080
206583
240172
248300
195617
135888
143735
203644
270736
316338
303754
240971
161960
123856
144347
198151
246609
255326
242421
232099
240048
240699
204457
157468
145679
153542
140669
138452
203751
277555
283708
249503
216238
211611
254184
304062
309884
259588
170435
129250
183574
243365
256807
214713
149007
148647
202657
205757
141605
128782
230137
324394
304978
238298
192647
184887
229952
285541
260891
187020
180982
246336
261267
212608
188958
223002
234664
170771
115461
156424
246527
274913
210428
156796
201927
268455
250207
192153
163982
192003
265294
309334
278991
195439
117014
108828
186670
281646
296593
259060
221061
195071
183590
181007
192023
205855
223937
232631
216572
176639
160939
211893
292185
321444
282026
215199
157074
118315
139284
216492
242601
204034
204469
271647
313734
278128
197601
136643
151061
191263
180587
156403
198633
298721
353161
291130
172923
125088
153026
190593
212910
225118
247332
281623
289369
269209
224332
169510
137144
162297
227077
261224
234540
171736
123018
128893
181527
248970
305672
299145
211539
146952
184038
244026
247595
225691
242886
283109
281128
220846
140020
76803
84434
179455
286295
303092
238176
209247
236996
246415
239247
225110
185498
174261
235717
278655
237515
199369
212751
216026
169781
133356
162892
232270
276509
291848
288617
261238
220594
196019
195752
188899
140038
88220
111810
210559
305413
325115
269304
231250
239811
233629
215468
204132
178301
152026
182569
236655
242504
206081
165777
154021
187526
252165
313196
316797
243556
166222
158134
209563
266779
277409
217033
160213
177242
218007
219573
212507
212816
183873
160582
184607
212176
226292
231404
233975
213774
198364
240939
293835
268046
195081
179235
235504
276358
245813
165219
118115
145523
195770
219177
224891
250453
293594
286886
244011
237086
234112
209238
195580
177087
163085
171029
177319
177767
189463
219539
237968
248176
240090
211318
210572
227749
203858
185398
232636
274436
281995
258020
202531
184001
213515
217293
189313
177579
181516
197599
215242
242419
251562
219561
185102
174913
200090
251687
264486
241411
246185
241643
221431
235436
255335
249328
201168
131053
103380
161296
259564
287868
225535
169255
196189
278012
314738
258952
168452
127533
154134
179780
175178
190597
235396
256690
244772
220880
189911
163992
154799
183380
240066
294041
320692
301437
265169
228178
199175
176462
167798
183212
216338
251776
245116
206676
188072
193571
206746
204490
194147
189285
201438
208663
224854
237804
203941
174836
227229
307261
309442
212903
112744
127782
222660
266032
204956
155886
206421
280259
294473
231748
166210
187771
265580
287254
233197
200997
196951
164555
149503
210406
274316
251401
183606
181336
226149
220060
174377
178338
220096
239325
237988
217455
217791
267993
305857
263553
179631
162034
184268
164556
136188
172910
246546
251107
196157
183267
230897
274955
288006
266721
243416
222418
188110
177556
229427
280740
265382
194602
123070
110789
166329
219590
209814
165939
174268
239995
284909
267936
229916
200379
179957
193284
216484
224693
223095
230924
260284
288910
270827
243300
248108
250194
202418
129053
94183
121364
185835
224776
223291
213972
231569
247178
250620
241266
227215
198225
194530
256195
303851
255125
171733
130778
166713
260254
