270834
175893
143087
157522
180623
214866
236138
204537
175393
205277
235675
211877
175369
202910
283781
339341
319737
237045
171018
181982
241803
277408
247341
167682
95583
90574
175668
286599
317641
256806
199736
233387
320406
341989
268069
202997
198280
229666
262891
257453
182918
111649
123175
177987
199828
207698
229360
250822
265386
268108
232581
175106
171127
220550
276899
305592
287507
202861
100098
67563
123950
205149
255494
280719
290297
298587
304583
282506
239120
226897
224275
204513
187525
161325
130684
122903
129825
129555
128614
148415
193481
260834
314504
344428
336989
308812
274689
231150
209762
228341
246309
207473
154384
147933
158502
141721
125197
162228
218031
252845
261553
241963
220481
215550
233866
243397
241304
226440
219051
226764
208085
160732
162695
221526
276685
293726
273747
226828
191481
182595
187201
183633
157993
121404
128373
186955
236905
262140
280441
267745
223350
209814
228647
255034
282391
288589
257327
193407
129116
130318
194952
230347
218251
206424
200141
196899
192921
196871
209083
233348
263141
276888
256645
216579
167371
145304
175981
198146
170139
162989
202511
244969
284883
327107
335920
272916
191236
149637
170303
212912
206292
162565
154729
191270
210633
185144
166829
207124
271296
292947
247713
191384
194018
247865
280990
238255
169777
161097
211007
231515
212039
206930
208466
204604
194140
194936
199205
194038
209531
244155
267500
253208
226460
223150
246441
240539
188286
172302
222801
249498
206148
176006
204968
220696
184836
160468
173773
198249
215662
236704
254113
266627
259059
244217
240450
253675
241655
209000
193791
176766
148711
155521
193219
229154
260450
276823
250428
180692
133313
132731
150768
187298
228877
237676
239710
253197
251555
256100
277656
295981
296789
277488
241678
197359
128128
58534
64155
131552
209639
267940
280578
228681
182579
212857
268555
261310
216450
185945
189599
200364
197171
191079
207818
261749
300948
306694
296760
248134
160517
109103
149535
216641
232461
200190
197860
252414
299472
286321
231786
157502
107952
113069
156354
175031
150153
151832
197645
243605
296334
360777
388055
341481
238264
165261
173219
194816
175412
123467
68671
63137
152278
253756
276270
257530
280958
316653
297664
255667
223130
186294
154940
163672
207713
239814
257387
275970
265379
231761
221210
223401
178704
105175
79550
144344
235523
255428
226665
222722
254085
276516
250877
209319
183275
191131
230621
263962
236793
178073
163252
177704
179188
201892
258298
274005
228051
182932
172698
194365
238900
265161
266848
270336
270522
247134
209385
160327
122416
135328
185347
209251
177790
160128
209822
282891
315237
294803
226104
161828
168716
215780
232428
229107
223916
221791
233508
243485
229136
181540
135890
157591
221939
268478
276123
257117
212864
175688
203674
274074
290118
238227
187769
167620
144916
137798
154570
163643
160594
181413
256432
323685
335547
314549
275370
240092
219751
197117
185550
203688
217557
170535
92431
68436
155038
282450
319308
260663
194140
192829
248361
275506
227339
158579
151282
220256
276837
252578
186933
167445
235928
337171
372123
286943
169780
109136
127624
189986
219706
191943
160983
165992
181217
175504
154313
170298
241877
302226
277330
220116
190321
190454
234329
311289
350409
314481
248342
173971
100777
79082
147768
234723
257203
211155
156021
154233
238232
348079
386192
329858
230892
134408
86055
100388
152313
184639
196364
213301
215505
188403
177172
230915
296081
302107
266243
262577
272732
244571
195049
179144
219018
271561
265824
213426
154396
112327
134981
215749
250185
203865
150445
166456
237617
268230
221237
163138
167859
239399
293875
273178
243912
262338
264650
210629
157368
158508
218628
292262
310368
226364
98932
43556
100549
199723
266980
304195
329988
329430
294974
250087
212117
178538
131589
93756
76552
65992
80920
177025
314743
370471
338807
308754
287887
240079
212580
247956
292692
277421
184369
67707
20753
93938
233647
329035
317677
217314
126499
137689
208361
237087
216356
225380
275152
288345
260887
234831
211680
206631
237244
268174
253309
195046
140251
113491
129907
164772
184829
192827
234590
286658
274427
221331
230215
303206
340008
272466
163729
132900
193459
256331
251181
181965
130636
156596
221682
244719
214868
163434
148876
196461
242767
227599
197158
217751
265618
260437
197100
162313
201900
278106
304622
269768
214191
202211
238521
251075
223088
184518
179330
197513
184415
131711
102278
137343
213218
294377
332319
319726
278717
247795
227102
199580
171315
168219
202104
232752
244491
220550
180204
186036
233000
249669
234717
219124
213827
193718
154966
142386
208734
309275
352292
302056
181618
77201
83740
160166
207918
230783
268156
298259
288802
254346
228533
221935
195363
136300
92723
106471
186564
285076
305400
236491
185335
230901
294392
283409
244410
246650
261268
220283
137373
81984
99137
193561
295503
306977
246910
203085
201427
237346
291233
307474
248560
140291
55761
55071
138165
250542
306255
282840
239601
209584
191416
197865
232461
283262
332174
338486
269150
180601
127231
116657
120458
128573
144364
163536
185118
223464
271058
291980
276123
258594
275750
294458
272235
235395
210764
210279
221084
210236
185015
158503
122660
91407
103700
159808
224996
274500
305474
335993
335250
284481
247450
261471
255572
181568
113069
134179
207492
225689
189783
169719
192294
210247
222408
234330
221472
212164
241695
271243
226932
145370
131580
198874
243239
210304
168335
193618
247914
269062
285857
318577
306039
248622
211401
186038
145967
126457
171535
230914
257672
256080
224583
159854
134528
192080
248748
258923
249487
214806
158442
159233
240333
317844
321653
272360
210840
136899
75452
81835
153507
228698
287177
320807
328294
311346
254982
179751
148897
193154
237096
227172
196788
186214
169574
151360
152710
178323
211489
254999
290788
263888
190756
173840
245610
325041
339573
289247
211715
132026
97682
129668
160651
142973
151386
223743
268594
249352
243278
286101
305857
266749
205081
163132
175246
244815
305536
271422
167651
131823
209131
284402
246401
143098
72949
92275
195223
308102
343407
272090
176699
161728
205965
234615
246930
244152
231787
226383
236876
242336
241598
237485
227180
209511
179361
156194
131350
93464
79485
128868
215334
286453
346180
399204
408089
342535
236247
173051
190363
229474
201417
106030
20654
21102
98205
208142
304372
335929
296055
238365
221430
253282
313382
338313
313502
276466
233514
156996
94556
99970
144395
164219
152631
152336
159603
164183
212396
308147
372313
353975
283096
199743
150933
172077
224337
220256
166030
142553
153028
163782
199580
253244
291061
314715
327918
309944
243212
156938
103266
106268
169367
254359
290993
231053
130311
94131
155274
270115
329377
284270
207363
209269
282814
316515
278361
212012
173425
183538
216116
215791
154493
100044
97996
137035
211538
274126
270617
226483
215306
271094
343191
340343
266660
193786
135381
90023
93715
164448
265730
330581
308623
213040
125233
111244
184331
261037
287780
279530
259008
230356
175851
112495
93277
158087
240237
279527
273999
221952
154016
147095
242744
361296
370763
260221
169452
186054
253307
281541
227517
145935
101360
122821
184723
239800
248027
212933
152470
117383
167662
259175
281829
225729
197489
234062
265893
251256
227236
227835
269878
326307
334107
267979
163374
105568
132882
196109
221668
172467
109608
111275
152569
166920
162412
181455
225866
273534
313668
365850
411407
386881
296505
202903
152708
131886
113050
105732
140501
180063
193483
230005
304444
327820
254505
184026
190069
210747
199260
175438
175874
202293
207278
170220
145786
193755
262869
285063
281608
276878
278716
285899
265883
210396
181616
190348
180359
138728
115499
160757
246362
296975
282393
235999
192967
182776
204502
224780
210763
150654
91995
122997
238188
327526
320524
241065
189037
221122
286379
311454
277719
192828
100400
72707
150266
276588
340913
281795
182672
142128
178735
228734
249854
225361
188665
170654
195141
254540
295445
264006
194754
177068
203084
224947
211746
194184
203326
229332
222493
187456
197639
256623
274778
218576
161058
187311
268160
292867
227731
144099
113212
148686
221838
297238
319255
292365
269451
267571
236466
157397
107368
110423
115625
109860
157483
258516
310436
285819
237391
215693
253474
328509
356666
276505
165869
119623
126899
158995
190297
175247
125987
139608
238654
325916
318524
263402
236322
235934
209570
178080
162856
145303
131860
161691
249837
340167
359199
277137
153285
88948
123044
208418
289942
302009
230440
151101
143072
201882
263191
276612
251125
242644
249034
256371
268390
265771
232692
180181
117519
86106
90034
100359
115902
161638
249961
330082
358491
319072
246253
201100
227716
279778
297840
255975
176065
115485
122347
198598
271453
262440
202921
158690
143963
158414
202522
264810
299713
289756
250940
202998
165412
186242
252235
288844
244014
167145
113404
105256
159299
258058
328080
318169
241099
174055
169223
216482
240221
207957
172765
194359
239848
231174
180085
160161
210677
301331
360929
323154
229392
165586
141200
151870
191540
202679
156726
127261
148604
185242
229617
265945
294652
327866
346107
315105
227039
138309
102745
119410
159658
211837
232310
204319
199214
256634
325907
325754
266395
220812
213429
206908
159430
90309
77239
155462
239382
266937
236754
190923
200740
264398
325055
343006
318323
268529
215514
168159
118498
89927
91045
130631
190962
218962
221077
224119
253677
307487
345515
326772
268811
218477
191797
170943
118098
49086
33101
93752
200272
306902
346204
308765
263867
286440
351424
360123
301204
238812
195890
136764
92266
104701
143001
153045
112187
58185
65420
173840
319650
385782
367636
338766
310813
269847
228799
200911
191066
208321
232194
235151
214083
174299
118403
81377
111738
188212
258764
285545
279700
266419
258232
245534
224960
182535
126439
125556
190275
224327
185082
142003
163937
247022
353143
407903
383770
315038
222921
140898
107466
115248
132062
173901
236868
271341
252102
215703
203520
197926
184307
158114
131852
154482
219932
245350
217542
230724
308576
376708
373270
307198
225841
165643
135720
106128
84361
115328
186959
237271
239342
216625
195676
204935
245635
279087
244883
158010
103171
132959
238164
351107
386372
306927
180512
120401
179666
274877
316956
296695
235033
152459
104437
142205
214419
224842
157686
104196
147548
238098
303820
328510
318803
275511
207414
164181
179466
211237
225998
225738
188584
124021
109875
168159
259684
337048
348457
263665
149550
124406
190395
266353
291352
246871
178872
161044
175306
171947
188836
244073
269259
240652
193266
153527
137239
162929
217128
267572
313702
349199
324134
242844
193982
211103
209028
142232
76479
80528
141656
212614
269914
301976
320657
317678
284201
254537
241146
231093
200848
148427
124599
151069
180686
193862
194423
206221
245625
274942
261839
217853
178851
187143
236379
246487
196565
171602
203434
250656
257962
249080
257008
241069
205857
184087
163448
133261
129057
175805
262279
339888
345485
258490
153047
113540
151285
206512
233140
233192
229754
243492
274791
318226
344590
300522
216113
165004
162131
164816
139351
116290
120033
148645
168437
159735
148415
177374
254122
348783
411505
400427
304977
183883
117134
135124
189581
244160
283230
272358
210916
146760
105972
97037
126880
180435
249027
303335
292141
243197
223936
230995
237503
235998
205409
163856
139444
152867
189114
241916
296972
302124
254447
204287
204634
223811
242510
267803
283414
259373
188591
132757
141452
159107
130035
99529
148873
239402
299029
296836
265644
269058
291543
283698
261638
233676
198664
187776
191666
189275
171544
146836
134539
158092
198624
233351
279387
325619
308728
230631
195931
231192
237119
195725
158101
153766
162059
160874
163638
190656
235909
290987
312175
275921
221244
200872
245655
317765
317658
225510
153711
166015
199920
166713
86897
67928
133045
222526
266020
261090
255642
262724
279234
278354
246430
222041
231133
247855
229667
199974
198794
204718
197487
173366
160691
165607
195614
230691
253968
266808
266512
251380
205030
138487
102800
124695
178552
230795
261080
272227
291695
331237
340894
304022
237230
163880
115686
122899
191497
267591
280009
206389
128311
134006
209043
270594
261541
184768
116738
109135
173142
267450
315031
258323
157398
140904
229163
322886
323348
238834
155563
154648
202780
218047
196069
211950
270946
291154
267174
257272
266136
245215
186808
116511
82914
98279
145363
202630
241183
218140
161273
168500
241222
311441
314042
261679
239095
258621
265835
253236
266112
296993
290617
208426
99906
74564
127156
187434
202912
175411
167835
198371
215459
209944
242456
313740
356492
324529
223878
119118
99459
169329
231214
239908
230767
216395
182559
167003
209068
264933
273381
260468
251250
220326
196216
219585
260464
269148
237652
188540
154206
146496
150814
154192
159119
173326
177389
167891
184893
234225
298053
330313
306266
268889
252283
254976
261498
273371
254592
201009
175369
182604
173452
142195
137575
194758
269737
278414
230206
181994
159390
185666
235635
243756
220763
200817
197788
196516
191156
222486
297585
333643
271239
181299
138795
173597
242474
285121
275033
204459
114314
101584
188193
280152
298899
247339
160676
121277
170976
240591
227870
144001
95761
160230
294230
388646
385189
289457
170419
108572
139822
238633
327472
328652
225246
121180
98072
144541
226524
293267
279794
205961
141370
136886
169613
200092
241797
294708
292936
220086
151632
145945
201289
287644
326716
287355
239980
219398
205939
201862
203578
194343
197400
202934
177533
144462
168261
236796
292484
289198
221835
137597
106317
173097
280463
330532
292318
197434
128422
155516
245960
285482
218350
120573
93691
172353
273659
298298
242913
185099
184532
255304
344927
373341
319259
227296
146576
113151
111025
101757
84277
93334
167484
278387
339851
331200
291149
265103
253867
253902
238184
192056
161276
189108
239560
233946
186961
146133
132872
171630
234032
274857
288107
284429
260609
216074
164487
151644
191122
209587
167767
142571
192994
260398
295514
293746
252382
208137
204169
222853
213276
197841
198037
210216
208284
189614
199440
229570
250918
245304
234699
215312
185317
178920
226051
270091
266485
226520
193809
202776
223725
219693
189744
159313
150856
173617
210379
248600
299641
320798
286044
254571
249829
260111
262055
241792
198594
135507
66356
43404
72939
112112
147292
201695
290777
379908
394254
321178
260551
246928
248802
256259
258343
229381
167325
94384
69629
111059
178470
214755
225059
234224
220430
178506
155444
198009
295251
375497
361643
273135
184114
160601
211265
277291
280786
189906
62690
13733
104128
265818
362962
342609
251030
185128
177302
217634
268427
269005
186772
97068
104234
200215
270548
247074
199132
191074
231005
263642
250338
235066
237462
246263
241993
243361
252267
224259
158909
134357
162338
185997
187136
205182
230452
253306
267939
256906
239137
223231
220621
212889
184904
176047
194681
229449
269906
293561
272056
199737
142045
127260
137220
177152
227913
262763
252598
204145
163587
174279
235630
321667
378103
334388
229177
150985
141689
167034
197597
201985
194878
203873
226572
239963
229356
200972
174320
148341
124378
143240
191970
231800
273210
323506
338032
276900
188280
175624
243086
276334
220432
158997
144040
171009
231231
279506
258198
207607
202573
235059
232505
178378
144605
155266
191990
236104
273317
274472
224797
153784
143131
223780
314621
328119
267980
192251
152054
161865
180474
194086
207331
191142
141117
118325
161995
243450
331127
395849
398641
327351
208379
131155
146717
200062
194873
141844
96488
99619
132135
164429
213667
290821
352160
337357
286975
270882
279009
244380
182855
150966
130723
106955
136223
225598
293253
278013
204106
164873
201122
234646
207727
194605
243465
274488
247430
216857
214304
233401
238677
222778
183103
140433
149531
202228
258795
292740
291165
234754
157067
121650
147506
201025
235290
238313
234776
260657
314742
335183
290595
208239
159860
174721
183125
139916
116208
153698
178119
150954
134045
198556
290257
344402
354507
309696
246083
226891
236769
211561
171200
141328
118918
140627
194488
235260
258532
277335
268426
239635
228089
235863
225212
165868
91798
81671
170843
264741
269463
212659
182317
207068
254301
296593
315805
310145
303723
289609
246195
209718
196508
164116
110798
111915
181175
245223
234751
159363
103047
148390
271921
357154
312469
208381
140290
130708
189297
281335
305408
246839
196154
194887
190072
164053
179287
249290
306947
297840
225120
156201
139711
174416
201042
208904
221412
211885
172220
163022
198999
251730
304264
326784
269895
167212
110742
136737
202768
249103
265272
260658
263240
267273
242944
207295
204538
249874
300574
289909
221395
141757
113053
154403
211964
219664
179556
119785
76396
89248
157896
247934
336316
375832
358204
313556
285595
267935
231944
186181
169226
163061
153556
134665
109873
103404
138763
213568
304285
347659
312527
268243
246466
224350
223214
234318
215864
185802
161366
145278
168541
214017
231939
216473
202821
216283
261939
292238
269939
229111
230127
254529
270139
259896
206044
128004
104301
153630
223799
257761
243341
194156
151737
177825
242475
281327
286775
275450
249587
224145
208029
183781
141340
118542
135004
184251
232205
236899
225559
240842
260414
267146
274696
244997
162230
104573
139956
245065
333947
332107
233315
117863
82295
147417
251417
307992
308006
291653
272984
225275
179091
157359
141724
133582
171142
220932
246094
262565
276949
258209
228540
226844
213917
178121
169982
195517
197484
188845
211311
246821
237062
203951
202477
229581
246294
235546
186501
122251
98544
138535
212246
273402
311226
316326
304536
282032
247481
231025
252938
271787
232743
157995
91725
80893
129586
175253
189311
179414
191321
240613
264807
236541
230238
278027
330136
332861
270492
171987
109803
140720
221375
271787
240834
167501
148740
218698
299446
287333
200236
137065
142358
197862
234634
217055
199687
209104
207824
191247
204209
268953
333483
321314
224144
150228
167979
204826
184014
129213
113214
168763
268427
346315
347027
277206
175312
103131
99534
151007
213940
257438
255227
234830
221105
214575
229179
250200
257287
236881
211457
202112
199196
189202
192860
246157
307530
294125
207138
148511
151717
177473
205086
231038
216292
177308
150802
143684
159615
206886
285633
358290
349025
248944
159464
182270
270498
295622
247606
195799
153509
131761
157125
212439
243992
229593
188440
142365
137287
186771
234953
209423
142577
130213
191985
298050
390240
404576
313628
206741
168515
206076
259924
251768
164519
93178
117163
185651
221302
199297
174259
182572
226007
273540
266663
208703
161444
187180
269191
333299
307398
200369
101441
89995
154348
234114
279283
291004
277061
258946
236705
208395
213329
259952
289043
249808
168806
91806
69550
99256
158014
213230
255641
285320
291980
265398
216831
199900
225150
225387
167568
115170
139958
215739
289104
311679
271041
220194
238509
303425
302661
232035
182317
170811
166882
152428
141673
147540
170929
204112
217481
220657
222991
227149
248934
265751
249030
238670
246779
240222
242917
272151
263691
217468
195988
179956
132486
103012
137765
214947
258033
266749
276944
276803
252852
230634
204707
157636
147466
189196
210664
202888
205689
194988
159178
165023
220842
259172
261817
278588
303572
300272
248717
177934
139429
163731
240279
298461
259821
148960
77512
118354
211242
258917
248496
231629
243403
279172
309513
302507
237981
150198
112619
145359
179433
179836
179324
193808
192341
173106
176305
236785
300099
292371
237145
208636
246845
291887
286059
235725
204967
215336
207979
158028
103988
96210
156457
232965
271626
251289
205805
213882
292525
357633
325984
226975
149510
135332
150236
139942
124754
128083
165588
222469
247906
243276
263098
296700
318205
321006
280764
221122
172518
138455
119310
131488
186512
236252
232135
196470
201178
244305
284979
312201
302175
268406
243165
214233
188492
184187
165044
131608
127346
162167
197786
197648
164079
158584
197827
260466
323934
350891
321297
260238
186957
135593
159960
230662
259952
226431
183206
176927
202473
226579
227865
211870
181847
158873
148225
143257
173184
232805
286722
300440
296277
297186
282579
227659
165047
169635
234265
256758
200080
161848
205772
272312
287757
243604
180867
125055
85071
81457
123405
192260
245660
268414
305378
372346
397414
317978
189835
112319
134582
194542
212048
200378
210328
232975
211397
155456
142839
183163
222707
232783
216536
192995
190424
236072
282837
272773
228121
206225
231100
255276
236477
209566
198084
207660
232290
223560
167985
144441
184092
238901
251824
210890
166675
190785
242200
253850
254312
278541
302180
282765
203615
114341
100101
150410
181030
171931
186668
227135
253661
285566
339556
339763
248176
159127
174359
251361
267236
210184
164294
149356
124870
104013
146886
213113
225134
203255
230479
285702
291494
255758
262573
318375
324500
241011
164174
145418
138738
121029
126772
184172
253344
283623
257426
232424
251400
273425
259942
206836
156188
157762
199720
200901
148917
142778
221623
304068
302241
251338
231159
241152
218284
183952
187094
194091
170755
133496
117932
142873
215125
308492
352096
332157
285314
241297
201274
183652
221903
281062
282644
200390
125428
133608
185541
184810
125129
89105
140740
218371
243923
239299
282874
362392
390955
354010
294319
209333
106844
71449
120598
190029
220378
190504
156108
163890
211695
275673
319341
281524
179015
110919
156181
275710
353024
320709
202814
95600
86452
152980
213698
242540
248052
227989
220123
254263
282574
283814
281232
263080
192930
114597
116023
163362
168375
136890
146689
224173
306026
349188
341961
310211
259477
196432
170405
204092
242470
223275
144582
68987
66048
160360
291485
349034
313839
239554
190053
203408
256508
257884
185375
136868
150933
186629
223511
233853
204244
182485
197350
225857
247155
276975
289103
265435
228350
208539
213592
250334
298552
289935
183830
57525
20296
92127
220346
313486
303050
238493
211240
235663
268637
273674
227585
171520
136449
116905
121856
168358
250760
308688
320398
292593
248685
236915
267782
265399
189154
108471
112205
194833
251883
232320
196906
196940
204445
209854
228795
237432
236295
239801
244742
212886
151142
119262
150352
217760
288281
335495
333511
278666
194407
126834
141730
221490
260397
230431
190936
179532
182454
165134
131412
125920
162336
217666
290326
334326
308347
251097
229162
269880
311524
304018
255954
181290
119974
121742
171314
209835
213243
194002
173412
158024
131763
133833
200784
281065
280629
204765
151706
196917
280296
302351
280156
251555
215338
186409
222851
309982
356036
291016
182446
118797
110078
152140
198776
190728
169978
193380
215552
219528
225261
224244
225934
225046
215175
226514
269256
285371
234758
176031
183286
218675
211015
203980
242125
258770
218317
203432
250922
289871
242469
163524
147450
180612
170253
111145
87487
140380
243447
326650
330788
272475
207193
184453
235769
302081
287360
197688
134489
167562
264925
334123
311900
208778
123407
120668
145849
136831
118999
134507
186561
272935
347099
337213
252098
181201
186675
252561
310951
292160
197367
105961
95738
184338
285240
316907
262605
179441
159856
202236
249614
272162
256308
177049
80220
63299
141180
257781
335357
313321
216488
164630
210417
254994
224696
188849
220019
276148
267897
215828
187744
170787
147790
147458
202648
271643
274115
230814
218595
228367
238634
254185
241590
193206
140499
118734
167723
265291
327217
314219
256440
178180
109417
92179
160733
273484
328715
267633
178102
151985
205376
282502
299834
235535
182648
201144
224284
224550
222944
195599
137721
120305
170150
253314
311195
287197
201593
149776
173954
228081
282910
317982
278077
173838
102665
129051
226898
299609
296647
258235
217382
188373
198741
240410
262727
240190
173463
126285
149459
201108
195107
131531
91962
137334
257752
366406
379034
293536
224330
247330
302133
285209
192748
128504
143732
167527
144493
120640
166378
242212
274639
279726
290112
268316
222576
190521
177384
202162
254183
252800
181969
140962
177856
220309
234068
239312
246812
254218
266211
272815
255207
218845
187969
177129
152723
104735
82144
121586
221375
311599
315329
267163
239648
249713
257002
248806
256232
282947
278225
203060
129627
134135
186642
184406
116010
93540
150369
217381
254239
291111
315306
313256
290022
269548
253693
237964
197601
138168
107799
147823
210164
235574
212325
189623
198850
239947
278852
304016
320107
310438
264358
195440
114441
51454
70435
146275
212795
234189
243584
268203
299544
304766
255766
184272
164558
186780
188811
181566
193076
212497
252092
309413
333028
277191
201346
183147
214288
224827
197773
154781
128575
123298
141891
165504
178518
213931
260613
269752
248267
253073
281342
302262
318314
308392
251480
187831
186935
242941
272567
211262
115390
58495
59448
123408
208238
270057
302757
312030
287926
227636
181631
174583
197574
204631
201183
193840
189326
183455
180221
204013
268101
317710
302314
265039
231937
192061
161820
185206
237389
278687
288269
264850
220087
146944
79935
67893
114065
190160
250897
282838
298737
292133
250220
216365
209869
214892
230241
230549
207304
165923
130753
141758
201836
261199
279910
266720
275252
323747
342680
290239
202145
146067
138283
120548
64685
26832
57978
140555
226356
285984
346517
402842
393999
328570
276796
259557
243320
204780
154255
109470
56369
8934
16902
110715
257495
335024
332410
319614
323136
301128
246869
214853
206666
180345
148778
159364
215800
269511
259685
216660
196984
185366
161326
167541
224327
284318
298334
249645
183264
153816
192102
252123
274595
232727
151825
97606
118046
196001
290740
354624
348187
269420
191228
157984
161725
204018
266995
288506
213174
93240
40921
121485
270714
362031
324181
199091
111056
155264
273445
319127
266926
194870
164067
157906
148134
162139
219454
285652
313560
286084
206146
140107
161251
221941
259299
261819
222726
179719
166254
179963
218464
266630
279839
221216
150795
160290
235081
269408
244329
204265
164534
146061
172877
243583
305371
296029
244711
213602
225003
235140
208671
168794
184190
245388
254362
190108
155970
192685
240235
257165
233793
201558
173505
151718
151366
209740
301762
350641
316626
206268
95682
92754
199590
295449
265858
177076
151434
180638
195727
212168
244955
266521
238017
180953
175178
243023
288373
256839
222313
214115
199082
187503
201653
231517
233750
214831
195115
197611
235156
277377
273456
220885
150632
107918
136466
201894
254452
265493
258300
259373
267239
257379
212601
177753
189615
224482
228474
177774
123898
105241
128818
197853
292954
357099
342695
253453
152991
118634
169379
268368
325141
287958
193169
146633
186614
231239
215912
198264
224176
231171
203971
178248
166603
182906
215002
245784
263113
240262
191279
178639
198482
235268
284508
293379
257035
227534
199310
146910
113715
156539
225337
249551
233187
235562
248328
255454
241841
196748
154100
163964
236404
306286
293133
194130
110559
138586
224761
280905
275292
221576
183633
198081
209517
196740
189236
208253
224504
231358
237482
220818
169713
133876
180022
261464
310173
299597
254517
202119
180789
184510
195029
221394
234587
200478
149741
151507
224729
295568
309595
290252
271603
244184
189554
141245
118569
140367
201368
250093
221376
156898
123290
129389
166480
250309
345232
385986
345438
240065
139012
129059
189389
220647
192288
160612
186525
264994
325615
314509
260951
210218
169948
154393
166690
168964
152317
142560
137972
141866
194840
281907
313483
287032
273035
282665
260934
222812
198919
199484
199572
201397
205388
213966
209167
209650
236989
245388
220092
186859
187381
211747
226950
232178
239561
218892
170385
142318
174639
228553
262220
251866
232576
245169
270658
251365
206632
199123
217820
223892
223990
223058
181813
117786
125199
219783
295477
262980
183516
170515
221040
250280
245133
228217
218788
214498
233415
270542
276791
232351
170994
154977
192927
237502
243801
216219
192644
191374
197163
174612
135286
141113
188817
246387
289386
270415
198079
168535
234887
308077
304756
248023
213885
233457
251646
231881
221498
243031
245599
186888
125622
125859
162206
168989
160645
152744
145099
186360
288868
368496
355834
282846
216499
170574
136713
151209
193440
201208
189234
227454
314718
380543
364531
274728
199005
180291
213594
265543
284022
245090
171868
124063
133210
160146
165395
181520
242055
324565
360521
314453
247140
249364
321452
376075
353392
272593
184957
114288
93519
130006
167754
149902
117483
145878
208680
254954
299212
321185
286569
232573
224999
282528
352644
363976
294754
176487
91022
75738
97661
126045
177591
216507
213104
229652
280468
316301
319844
281851
207879
147152
148654
190882
224627
226393
225371
245844
261500
231136
196224
206036
231367
205176
153783
124088
114809
131242
210944
313077
325214
243217
196968
221792
240759
240310
246743
236316
202755
204646
249309
261328
229965
209634
203923
159760
88579
58522
116466
237617
325542
301490
226685
184429
190061
216813
257672
267651
214154
148886
155347
243763
323838
304000
230189
175379
152185
167015
199527
232853
253625
228130
159873
111255
125263
204225
289299
284586
198431
161235
210929
250984
228837
218963
261163
278947
241302
199248
187594
178092
171395
176971
173980
153700
143472
161632
207490
273275
325095
329225
286449
255135
268767
279723
214067
94462
23446
79447
209162
275428
253587
218670
217121
241039
269552
278815
253598
199645
132165
97982
105110
129564
176035
239004
256540
218173
217495
284517
318070
268946
226591
230868
231320
227801
245322
232898
168605
122393
160524
226970
260675
256967
208444
147240
145840
204787
253581
254145
198628
126065
99715
158228
240510
259165
214915
186962
220434
303465
374024
378275
300799
197310
156111
176538
184367
158207
150937
176794
211563
226170
198449
166627
151439
143704
166846
208475
220296
209809
217201
245847
295816
328419
305133
239563
178236
158174
200137
247832
250590
209150
155241
133656
170776
255035
310425
294023
213287
130772
121155
191411
242104
209453
153366
154993
205376
276967
347591
367724
308767
213192
123553
69296
100144
194116
240371
222439
211740
230740
253475
264257
257405
204308
117134
74727
140067
245559
277004
236365
222730
247648
258979
266301
283704
291052
262704
183457
93016
88868
166300
250047
283796
234350
143584
110420
155131
220810
264602
279128
266000
238302
220094
250195
313286
323524
243177
134724
89198
148410
250013
296661
261845
194240
146167
123911
144815
202026
221066
172268
142683
173780
228728
258517
268844
261378
239373
248085
297730
317031
250772
154823
114741
158904
215202
243028
260648
259349
202123
134203
141044
193089
207596
174096
153581
198774
280287
310461
263820
221077
219260
224672
223008
223809
242574
247640
209338
174272
201185
245950
267406
267143
230101
183376
160189
153973
164916
180084
193637
196192
193190
189400
195101
215727
272005
347307
370104
296278
200567
160030
151451
138194
157509
217123
227889
164996
132185
167142
212325
259495
321311
349740
279042
157678
116750
189555
260191
267836
242960
187492
122086
118684
190692
250835
238986
203651
225643
276289
285741
250224
212314
204671
220417
253361
286749
267717
201065
138452
126487
143655
152322
149162
159668
199644
264396
328152
334417
278232
241805
263179
273791
246676
211675
181106
144475
90911
45502
61874
130026
202257
269445
327420
345402
297903
214443
172339
223855
293997
285354
225634
188030
165461
141314
170783
250557
294764
248642
167442
157304
225016
264354
245588
230477
228175
188028
143053
132284
146863
190072
256984
279449
226982
171504
179833
243733
320541
350099
298852
208289
153823
191412
281075
315077
226312
107639
79034
133796
181316
167549
125431
146932
238823
290849
259407
235692
267087
308652
298966
262641
241855
211403
169375
136265
122370
124585
146635
180087
219171
277193
321765
335058
314066
254348
182226
150006
188054
226186
200977
165128
188174
227362
243742
247593
221332
181124
184625
228132
242458
197165
151946
148283
161948
173998
200878
258338
324564
332586
267254
224052
253182
279892
258824
220674
187012
154212
106910
65212
91740
188273
253696
257785
251965
242352
233874
231598
227166
220916
241606
279317
268098
190001
126275
159383
235451
282040
275622
242272
194151
149618
149531
225588
322176
343871
259883
137198
77363
135876
237602
273373
252824
232246
195542
142262
144315
210860
277533
300887
281786
215490
139228
141863
224451
294407
292096
238936
170953
130309
128743
166873
207732
213364
215682
251530
273272
260988
235680
228579
228878
229413
213039
178073
174725
219730
237111
185169
136905
159430
242402
330829
352741
284390
212067
208374
221711
205214
165130
134302
125403
156785
211297
229207
204489
207754
271047
333694
331945
247823
133884
84846
155277
279995
339125
264910
131693
95495
188442
284670
281222
225933
196775
201042
213738
220694
209836
153157
79270
70905
147414
265772
354505
350944
283535
218124
190907
226029
284852
281851
225619
188167
189114
188019
181641
191370
210024
190803
137691
109543
152236
228671
292948
326933
324361
269646
207750
194032
208672
211050
180934
146369
151759
216010
293181
311718
257471
174932
122707
133708
192920
250232
267118
264117
274519
274625
253702
215670
168805
152054
162939
163975
174375
213502
249064
238292
211176
188195
169516
165346
184964
213764
247393
309064
366010
333127
240560
197743
215329
204230
160576
125987
133942
181937
203163
168636
152915
184999
240968
295582
307904
252588
172406
147088
218129
320226
346421
280079
178787
124455
134995
191462
253987
274966
222400
150593
121267
156970
211432
233941
246886
254008
228182
199505
239555
313253
315810
256561
222229
226625
215712
162249
126597
152125
191865
199753
173682
148242
174749
250167
307571
287671
235299
205689
228515
271545
288434
259547
175155
80651
51453
108777
206371
302308
358759
347513
263957
179565
153811
177736
216694
268557
305827
259027
157842
124080
178314
243223
244296
204098
180105
186566
179852
146147
131105
168870
251620
340531
377486
319376
235991
211667
212231
175308
127317
130088
193671
242640
246715
237217
216407
189329
210782
255418
254026
226452
199642
185545
176551
164283
159224
176660
210034
260200
323493
355912
309999
230794
171290
141503
150057
199965
242394
237347
203918
183605
188399
193598
174389
160949
174010
209882
256608
282911
248252
177608
152477
219102
320111
360818
307264
201922
112056
89493
151847
232700
272137
249641
201643
190890
230685
250610
213977
174263
202850
278049
317800
281003
190118
107608
81000
125432
223766
303113
274875
167482
129198
200429
304157
352777
312112
237578
180692
162559
167835
180185
215046
269995
295120
254229
199401
176179
152340
119675
139991
199919
214460
185123
175149
210033
258963
308682
331980
313755
287702
262263
208211
138875
114592
168195
257320
300400
237170
124089
67823
113288
208725
293945
330472
281828
187361
163312
221919
263859
242729
211618
221639
237988
240900
249092
251295
215746
141611
81130
114696
236037
325952
287408
192807
143187
174826
232823
270595
267255
236796
196532
167351
185174
222322
229843
235295
274487
301013
248799
152711
121238
184257
244167
250105
218412
194953
212498
254694
268594
218933
153057
125025
164227
243008
298922
289996
233005
160420
104977
112312
209332
323119
352456
259713
136228
126008
241802
356522
362961
268675
141870
82456
124350
182050
195659
175661
173006
184177
180704
179443
227887
297345
343682
358816
318255
252967
222601
221352
187738
111755
61843
111348
207938
234326
189500
175792
215853
273287
320409
318771
275223
236223
205274
188818
197847
198467
183809
165963
147855
164553
217837
246438
253291
266195
278391
279008
244160
179761
148759
163563
206426
261467
290922
245744
176162
161691
182052
193981
199454
202469
212550
226486
246143
262900
280440
292761
261765
203932
151373
126762
152525
205679
246189
249253
213044
188368
226460
298412
319558
253929
169221
145991
181149
195736
184291
165616
147135
176263
250040
292475
286284
259749
254287
270562
256241
206454
155478
123663
125371
191403
262574
284178
278949
272963
240660
181568
166212
209381
228327
188448
170095
217171
277578
269899
198168
155810
176240
224954
245226
234398
204876
196311
231866
258517
253595
239654
207402
175090
188412
234765
250396
196029
112447
76980
122164
208195
279204
299793
279345
268919
286914
326973
339086
298529
231986
179601
155467
154031
153415
128775
84016
57582
111809
223256
288876
285462
275636
285848
268435
213009
190461
212973
230872
215391
186149
172351
195084
258275
323112
331805
289525
226497
173484
172580
200703
192039
145484
120618
136020
178733
245868
292082
277660
247181
239550
254886
276238
279875
246660
197300
159416
117701
89155
100818
159084
207754
210928
229787
297752
345255
328398
261857
184305
142584
162659
232533
273479
241975
206690
226777
241378
216549
202568
221233
238980
225567
177626
144700
157031
166790
152955
178377
248948
272481
222312
170027
173830
223415
272086
288878
278947
283599
293296
278224
270736
281176
257660
204621
177987
174960
156544
111969
59132
32257
57578
124978
213088
311293
372204
381287
364118
323627
279692
259751
246645
208617
148859
77094
46219
80467
166522
264360
313030
266909
180293
143145
184921
278757
346037
335550
245718
138801
112632
176900
258609
291669
244092
153135
130552
207248
286277
271133
180545
111709
135172
247152
354025
349510
267172
214016
191966
180470
177792
190137
201435
171191
98364
57032
103418
201862
287391
331770
357861
359359
334337
287600
233205
216427
242908
230911
138045
38368
20711
76386
151996
217400
289675
346901
324519
239289
198853
218015
218429
193762
213076
267621
271729
224471
178825
178531
194221
192179
201547
225020
224240
214990
239193
276357
279789
250716
209863
145078
73568
80479
171709
227209
192271
153192
205968
308709
376772
364346
316891
288335
261301
227774
212359
210111
177966
97738
15025
14547
103275
222363
264543
241157
252013
307729
353073
339043
274603
231309
252845
270948
225260
152735
127394
140133
147193
170150
235013
294500
292644
242497
178566
157604
198235
245104
225954
169724
141550
142750
165231
199391
242706
260468
237542
213492
241897
292868
324778
335269
314988
259505
167665
71671
38082
109954
218711
275113
256248
183179
110516
106255
202755
315558
340032
298709
263692
228901
182646
157058
184651
226736
248462
237248
226872
241516
261313
263020
240861
184595
135117
145698
197152
219314
182859
146666
167587
220491
225273
189360
162439
171090
233306
297984
306107
303405
337891
354118
300328
193716
96761
86786
156018
199913
192043
184007
199117
216495
226171
237391
245078
225637
174070
137088
137922
180188
242250
261843
217787
178054
221832
319897
365003
334191
281132
223009
187713
203891
227020
204371
148291
83009
37194
53126
142640
243568
288470
278952
262964
260147
267874
288935
321246
325358
283001
249492
258473
258191
207743
133879
63360
28799
37259
78413
148867
241900
299895
311403
314763
305491
281891
244252
192644
152548
158724
220602
291244
293726
240108
193173
191119
204409
215854
213650
186671
154026
156444
199676
267384
314793
282450
205829
150324
130341
142914
204231
256493
249277
236517
269949
308797
276159
184046
125698
164703
240354
251119
190009
138091
170792
267420
342970
340754
270379
162908
84380
80064
145318
206040
211866
204432
221483
223516
201943
229621
319243
382710
331575
209942
141114
160736
186222
161938
127136
159369
254752
321879
280994
176918
105138
109130
188864
292298
312916
232999
182039
236625
323450
345194
293206
211278
141701
100551
72128
57202
108798
219466
283968
283646
282108
287917
255182
213355
207034
209221
206411
222233
226097
198835
175003
204611
255703
286676
288876
252217
177881
120215
147209
206917
220555
217073
223089
230610
217110
194140
210261
245371
262171
256172
219405
160653
151374
199639
262527
303189
282398
228380
190742
190962
200849
200015
202546
218877
208020
180276
180841
185148
165446
151753
184527
261558
303159
274364
236229
254678
305588
311283
265168
199238
157042
159494
165527
138738
135775
192919
250969
257808
210466
149861
134475
182178
269986
341483
324086
227043
166905
205458
271854
261831
198022
138626
113081
156237
244260
275441
219945
168376
200811
262231
270133
235692
230725
240004
227764
231948
262483
249885
186035
126225
122224
172887
228111
230214
201507
178149
174790
220203
283901
298752
267646
226228
186398
163906
174120
228787
285868
295781
246417
193760
184127
206214
202677
163695
148676
160279
179118
214355
236250
213293
202623
247978
291823
287029
260905
232238
222983
241417
257546
218320
151912
132058
153289
158715
156945
182991
244024
286961
277405
256943
256130
275359
276989
238052
201187
184982
167642
166705
191938
216866
204868
168815
173472
223378
253628
259698
253965
229394
205978
223761
251380
257837
232426
213836
224862
212844
154419
103548
115579
188131
256153
267492
257419
250696
241242
232207
250499
263129
227970
165994
135065
159938
211597
251965
255389
236953
256310
316401
345326
295010
177127
69130
58293
126878
170309
153267
155948
215403
277362
283503
261740
243696
218321
196562
229696
295080
300475
230169
176879
180459
189432
177669
173518
194357
237509
258072
233911
223912
243980
257639
232404
189830
158788
153124
171648
218399
257797
268045
250074
232079
212451
184760
182345
211775
249641
261795
250025
238647
234969
220795
170432
109718
108487
162842
232961
285617
299551
269766
229298
210957
187850
147901
119522
126024
161525
208374
272035
312683
296819
261107
274824
329048
351177
296220
177780
70034
57187
126242
206108
237523
211837
173003
161076
158846
150450
164231
231368
298421
319887
301274
281545
256807
220889
201835
210852
233109
231469
193332
154208
160430
224650
276048
255634
208177
215066
252033
245439
217883
213532
195273
153790
143057
156520
172132
177151
177298
205110
254536
302182
329914
303455
238948
187077
184840
212796
247626
264089
246774
180168
98011
96847
180321
233140
202372
161850
199975
280610
332768
336918
284710
221083
202179
193415
152962
133078
151028
163080
168428
199609
267769
314243
302635
275437
252498
222242
221818
238444
220947
193812
182612
180570
190121
211139
227892
209419
169735
168106
212702
237591
233093
221935
217756
228100
253960
273234
271000
244295
185821
120358
118354
187233
234429
212673
188878
216482
245897
230438
226963
274965
309918
261187
184081
153508
178368
216144
218073
194609
166039
139983
129188
156213
212372
277007
318859
314364
303688
316877
329570
307750
241695
157378
87838
57420
96178
173154
198555
165551
160492
232132
321053
330464
258481
207667
208475
212520
226806
238863
211697
175079
170034
187463
209244
234003
272465
298198
291922
250596
205287
185134
193515
218544
223792
170261
92267
92149
177878
248507
255244
230617
195446
182474
204154
235331
238755
219326
220163
273659
347709
370889
300609
203045
162286
176384
186005
144510
75136
65343
154800
266399
289774
229779
201098
248174
275527
234204
209524
223809
225337
225684
248036
277185
287414
267144
224296
185973
171747
148290
104761
109177
182959
235891
231368
218672
236023
266180
262324
229867
220331
224707
220852
196583
164978
182420
254998
308504
272786
183113
154089
224394
287384
249694
183318
161095
189289
214798
199164
173041
197944
246948
251546
232307
213723
188736
179722
205893
257216
303603
306855
245966
181268
145240
135238
172584
226666
258259
257861
246742
245657
254072
242727
179484
99721
102154
189528
237674
206379
168922
200013
281412
342239
326860
241880
172627
171086
197046
214899
227821
205019
140005
108212
174288
291087
356340
325518
251669
196980
179959
185187
166055
124793
100634
135873
213702
259222
260673
239420
216528
237312
282792
283600
234744
191941
188386
224881
264673
282308
291024
284795
224936
127751
66644
85911
154071
202007
214373
235297
266064
288833
280510
243572
233122
272872
303169
264828
157153
47122
49953
163274
246953
246278
216729
182689
158570
191887
259925
300190
290965
274438
259161
248799
259408
273796
254311
204887
163891
146322
141078
127741
90144
69312
107806
200369
299114
330887
292215
267067
278234
293635
305622
288159
221318
176954
212474
269795
263035
204147
161959
153767
133720
90040
70332
122056
232957
324299
329932
282488
243192
245385
258837
252131
204556
153327
161984
215210
242017
216703
178160
186234
226929
256561
243056
194057
158955
197750
280126
301387
236868
168299
147199
167021
221110
260633
244515
221048
220134
225500
225942
220745
203050
206440
235385
236757
216391
203792
221104
242243
218395
162913
158713
223826
272626
270007
253454
237348
194050
150114
147904
188050
212414
216325
224515
216768
196823
223028
294947
317195
275207
230522
188367
131085
97230
128005
206150
262840
264227
234238
218143
257748
327095
327861
243896
177130
178246
175582
128238
89836
103571
156340
235459
304265
335079
326191
277575
227555
201416
204958
203989
174144
145700
155022
187123
233240
279146
273049
240679
238951
244569
200075
127249
98056
141562
208507
255058
305144
358908
367048
298168
180460
109266
134008
197300
208895
140508
58919
68241
173998
294450
362076
360946
304379
212653
133628
124581
206878
309323
339219
267395
168398
123855
155036
214012
216516
151849
98012
118866
219964
327002
371545
356640
318555
274554
216720
146302
115955
147409
180117
155503
105765
123503
220632
295301
305821
291329
253832
211248
194167
213377
237656
254317
258940
223491
150352
108293
162299
240924
251350
209148
202870
254438
288491
285029
267400
230102
177133
172700
229317
263442
198436
103296
64148
84299
141103
233869
312761
336746
311188
282206
281979
282171
251585
199724
175427
172916
172209
159209
163887
199625
226498
210159
174473
165259
194003
258808
315133
326552
278505
206231
194541
258967
295568
223544
129765
97811
107498
146498
221231
283739
254433
165801
116941
157373
268660
371276
361281
247379
174327
213834
277269
256424
181248
115585
80561
84194
134909
200722
243269
263688
273834
287247
327893
372306
354805
260520
178744
169067
172797
156296
143449
136064
97811
51945
69388
145757
219358
274592
339658
406231
421784
349165
249690
201636
186946
177134
185714
201249
194972
165470
112346
68726
85574
186433
311238
358919
292149
186602
166909
247552
299097
243411
156868
158453
236520
270288
208674
128030
114602
170856
251236
324526
342047
281304
198651
181273
222254
254480
253044
220164
170011
126356
133440
207035
268057
249428
203987
192983
222760
239060
212420
174850
169782
198249
252375
296955
308160
293612
246547
178664
159181
199323
213599
184412
150357
151055
168389
179517
195447
243919
282121
261523
219652
230816
283010
291585
248652
197292
157309
140507
169026
231495
251773
212227
200951
257587
289644
259931
206661
166710
176394
209766
236733
251211
225568
165253
143665
176126
228213
249332
222755
210218
256698
317442
324353
272110
210392
177788
150291
108636
81483
92360
135873
210313
282428
329298
353548
349695
298047
236714
213863
212457
181088
141862
137484
148894
129123
103461
144810
237010
283033
265693
230502
211650
225829
260381
280249
271400
265352
260629
240467
214350
226619
273592
297262
260270
163977
68441
35153
72599
142360
211407
275401
318684
332295
323814
294689
250427
214260
188687
145098
111340
124636
152070
171998
189641
222236
249084
246742
228663
232480
278268
312947
287073
226648
211647
237442
260649
250692
195802
150121
165010
204595
213304
184053
129178
88701
124793
204800
249824
264908
269518
255787
249277
275361
328904
373865
362224
271471
136601
42918
67124
148009
175653
152816
174235
251226
285951
240871
189571
223964
316996
365477
296943
176959
92410
71653
128196
212482
268890
280006
236008
170283
174384
242452
299405
307895
272556
200205
143140
129865
147848
198907
257080
274139
232198
185873
199907
260630
294465
244446
161136
121469
162120
249326
301275
262309
190683
153263
154764
199006
272837
303705
263190
210807
183629
188495
197019
190216
196170
236670
276671
245766
160040
138101
212959
267749
251132
199231
153940
150507
216033
306234
347053
311865
215113
113532
71327
109559
189539
271319
306293
268797
201110
194890
251006
298269
270049
183280
115587
127834
190989
249102
284860
271289
209315
170136
193569
247419
259657
209234
162657
197761
268681
277673
216127
158805
165369
219976
255925
256129
239143
231251
236013
211377
151943
113383
148792
222986
254607
226147
207617
251492
311601
302270
240103
181290
165971
167378
154333
154895
180764
211751
249692
294970
291859
223475
157395
150313
190366
236020
268074
298697
292632
237217
202545
207898
222529
227497
196478
132397
98599
149833
225351
247767
218545
195893
208820
240968
278313
300338
298062
274574
266626
280952
255253
180783
103470
62595
94653
167269
217473
212212
183919
200634
254218
302611
324198
295637
240691
216156
227169
225727
179276
120942
89592
91949
115684
168334
238038
304837
348937
366902
353652
302276
248734
211073
164196
108291
92291
151223
246603
289267
257536
199071
160430
171213
219434
249760
215755
149956
113117
135663
208970
308592
375020
337715
243119
168543
133950
143566
217909
313714
340779
251250
123636
92430
174464
246796
226824
164563
156820
188509
202095
218504
239519
229006
203252
213459
275110
343985
356179
289816
182966
97965
80712
150158
249620
287900
222120
139161
128456
194625
270402
306014
290933
235241
178554
142687
153477
204877
241540
223227
200259
210929
230976
243687
231330
201192
206131
264188
313108
278781
198044
145231
145008
162647
194313
240165
263662
225333
152173
119654
183087
286222
330506
278673
204469
197698
246390
269082
214102
142020
119414
166492
236794
253816
219324
183804
194612
227055
245252
266519
294012
273081
213635
185112
191387
184413
180959
207438
217325
200939
197178
201069
208063
229536
231938
187350
149874
180882
248487
296407
283608
224933
176077
175433
210239
244898
275598
279645
259017
237426
235086
234558
200700
139752
91093
105990
188073
275594
296827
251916
196845
176415
169651
149190
133436
156286
200375
231534
256863
301953
356901
364298
320126
275327
251598
230956
193619
135419
91291
90333
102472
121370
156279
178197
171499
175326
235711
306842
340609
332190
316845
305992
285793
245336
173732
94709
68173
134741
222031
236193
185978
151994
183404
266175
335124
352730
311645
236007
183224
206911
272936
273726
193893
100118
68970
96707
158441
220083
253236
241589
226325
234992
240751
227313
220433
228639
240826
257333
279658
273287
220703
170684
189690
240113
230940
170623
158400
218510
249234
207978
160534
183801
255676
294104
263291
208921
175373
147868
140894
185078
241839
229537
153837
111287
174272
276069
316260
313140
321431
326598
290416
212883
124994
74578
96677
192531
290335
289780
208740
176892
231382
269560
247434
197999
150684
119662
130818
184972
246677
296531
303550
256906
201785
196685
253292
295716
283901
232276
196111
192293
189772
170898
166934
171205
159492
178657
244620
291962
282577
244078
207382
171128
158471
182999
195237
187794
193380
203688
192955
196739
256583
315683
330629
322683
301924
234813
158636
127257
146997
173426
191910
203492
208778
207206
199347
178814
175671
217625
266402
249070
179087
161710
228707
305300
298454
227013
196410
221871
230186
197225
174774
200263
238465
263217
266544
248042
213132
208207
240074
230239
157599
102426
131578
189435
210422
199776
205720
253286
295602
306115
299617
259380
186059
161631
203478
219665
171708
120971
132153
209680
274695
285792
254636
234224
244674
251052
217374
172613
178748
209042
211349
181276
160213
173331
227265
283140
305351
291675
240678
198331
205267
209970
170240
128698
128468
161400
210319
239595
244106
272925
327046
330403
276289
228853
190133
138027
119487
161722
197246
179551
146036
154066
224791
307778
324936
263611
195549
208549
290561
341811
272029
130521
59419
92067
157093
223712
277901
266603
188953
148747
207642
304792
336653
260221
152836
121423
161983
216186
226836
191265
179998
222042
270740
294696
294678
259677
187612
147202
179458
218407
217138
198277
185490
171532
165521
200122
243722
260754
246625
244114
264390
277530
240362
166492
119754
135980
203639
287074
305497
235561
171636
203266
290005
330106
284419
172306
70861
78228
163479
212521
201056
182608
193285
231016
262112
262411
249107
259791
277484
278423
253282
216182
219491
262178
260547
176843
93074
87082
163845
262904
298348
245933
151271
105945
139777
219892
277839
269227
206314
160745
201323
284443
301466
239331
194138
195995
196160
185591
217717
269165
293402
272920
247867
244960
223106
166489
137623
151667
153958
141463
173579
225860
231862
206559
234067
317920
372446
343271
242867
158355
156785
201353
213919
157399
70248
34104
96356
238858
360361
390510
346669
273445
227412
221449
234036
215996
171098
133582
141597
191112
219503
212066
198415
203547
203927
175372
153069
194091
255602
268333
248705
262750
295644
303914
263276
191357
141032
146005
200802
248689
260609
234405
207903
187386
163874
156248
197925
247534
265924
237143
177442
136375
154384
225890
292266
299731
269149
231885
194384
179410
226536
299077
304530
221711
148478
158688
203343
200462
177886
188248
218702
228552
202085
173843
175313
197401
194640
164728
176334
240478
274000
258916
246094
239261
234590
240976
261105
273586
239753
168070
125977
143230
192453
265901
327609
329853
249891
142536
94885
133037
216209
270626
276809
252521
225914
219689
235346
245668
231281
196551
144863
90736
92294
162582
225621
245506
242375
233917
246250
300848
361711
360185
265725
141076
98044
141142
205017
241841
215139
163369
158986
198096
206629
174128
178258
243562
280289
253492
202280
165107
173459
251895
316832
282240
194857
171080
214608
249276
245986
248809
267132
246148
178535
140467
178374
239984
242132
181526
155986
207678
247664
222419
169891
147657
199921
293857
346072
310992
203203
91197
60759
147006
265902
327465
311775
242535
174641
145672
178150
224631
244691
233738
207944
170309
135433
142572
214633
310062
352749
309623
218829
129095
82390
125378
208602
243335
236567
249914
288379
311094
296488
241384
185398
158041
136586
110031
111633
178216
272600
320044
281988
216016
176521
169187
184886
213425
237735
263103
278884
285513
276862
239973
187575
163835
198559
249007
259766
210406
126154
63658
70428
141789
249979
334003
314594
218079
174391
215034
255461
250899
247104
269320
283353
259545
217711
162933
108223
106369
180897
258724
245187
181910
166067
196670
242613
286787
276755
210769
183540
224613
244732
225106
218693
227886
194930
128924
107827
169841
255297
314062
345941
351359
316231
252285
193444
151718
106309
57174
45410
101326
201238
289490
306123
272577
262407
276349
291416
303018
287670
218900
159542
163472
186994
169562
122137
100557
128749
198368
295115
368375
341247
232177
148326
157017
231864
304741
300356
222972
169069
184832
210539
208447
203620
188593
146867
131922
169383
230506
262888
266868
248770
217006
216752
262321
279209
217762
139301
142273
224782
301044
283095
187956
112895
117191
179619
246806
285493
305250
297586
259215
241099
243900
223917
199745
193613
189041
182114
164548
141644
134889
166439
211392
258992
294301
275992
227046
210595
214302
197969
200712
231570
262796
278216
252487
213186
209423
225661
203958
164611
146100
170182
202426
221877
235974
233260
219656
201279
189586
209500
235354
228906
226257
238287
234000
240961
266927
284500
268112
210161
141159
123184
189798
267936
262328
183010
132529
179360
286223
357126
333149
232419
142251
116994
131130
159116
202366
242167
248782
228635
196741
165944
144298
140758
170426
226639
293941
326143
312571
271455
234152
214210
210220
211267
206516
218858
234658
211126
175880
166823
191825
214978
219854
207075
199924
196541
210020
247506
252840
200514
165357
203861
269860
290681
234293
174655
188595
244431
241467
174706
145713
176796
224588
252667
246241
229974
246191
281216
267181
221877
201740
184414
142171
141537
212016
272583
242702
181724
173870
193586
193140
194896
220358
229856
226199
220376
209986
235777
306125
349590
295535
202227
157271
144630
121826
112562
162673
222650
230038
205866
211931
246705
292439
315781
303853
260754
202852
163592
188256
254835
285542
248487
168992
100715
105230
179719
245633
226095
158870
143077
202402
276420
300876
265261
192872
149806
156733
184841
199541
200294
209815
254230
300237
319023
328127
328831
293522
212628
138981
101746
107184
124834
147716
163634
174941
187451
220126
257377
284406
283490
250440
239717
279139
293778
234529
157319
132043
186905
281516
329740
