     29906,
    -30599,
    -30439,
    -30331,
     14988,
     26531,
     25617,
    -29904,
     29821,
    -26693,
    -30916,
     29989,
     22338,
     27321,
     30363,
    -31489,
    -32086,
     31411,
     30633,
     23321,
     30334,
     31266,
     22303,
     29830,
    -23702,
     30659,
     30297,
    -30014,
    -18312,
     23560,
    -23015,
     29958,
    -23375,
    -20667,
    -25974,
     30367,
    -15412,
     29587,
     29102,
     30942,
     29703,
     30625,
     29728,
     31246,
     30026,
     30248,
    -31499,
     28208,
     30936,
    -30847,
    -29704,
    -31403,
     31058,
     30439,
    -30626,
      9389,
    -30728,
     30010,
     30077,
    -20245,
     30352,
    -24307,
    -23277,
    -30216,
    -30279,
     21688,
    -27952,
     23257,
     30785,
     30568,
    -16475,
     29725,
    -30404,
     30224,
    -17671,
    -30072,
    -13429,
     30068,
    -30011,
    -23138,
     30303,
     30312,
    -31507,
    -23939,
      4560,
    -30746,
     17324,
     30462,
      1660,
     30312,
     31106,
    -30215,
    -30878,
    -31396,
     30173,
    -29749,
    -30023,
    -26276,
     28528,
    -30545,
    -22365,
    -30964,
     17564,
    -30556,
     30980,
    -31789,
     31718,
     30565,
     29899,
     30955,
    -15445,
     12302,
    -31270,
     30285,
     29763,
    -30585,
    -30621,
    -27166,
    -29718,
    -28862,
    -31784,
    -30252,
    -27706,
     31371,
     30945,
    -30396,
     29702,
    -31936,
    -15922,
     30517,
    -31450,
    -31749,
    -30558,
     30328,
     32361,
     28166,
    -24733,
     29925,
    -29988,
    -29716,
    -31281,
    -29268,
     30194,
     17561,
    -16176,
     14114,
    -30123,
    -31450,
     15949,
     21082,
    -30145,
     12637,
     29740,
     27267,
     30793,
     17546,
     25969,
    -29601,
    -31928,
    -29178,
     30310,
      -403,
     30139,
     30529,
     31805,
     31060,
     -9664,
    -31091,
    -30827,
     29819,
    -27321,
      7427,
     23398,
    -28641,
     30790,
    -17808,
     15471,
     30889,
     30573,
    -13393,
    -30939,
     31696,
    -30802,
     28223,
    -29618,
    -30209,
      9285,
    -30424,
     31766,
     -3335,
    -30365,
    -28765,
    -31570,
     18519,
     -1403,
    -30453,
      6709,
     30525,
    -31095,
    -30359,
    -10205,
     32416,
    -29960,
    -30645,
    -31097,
    -30859,
    -29943,
    -30188,
     22562,
    -30890,
    -29969,
     29699,
    -31019,
     -4965,
    -30164,
     14780,
     20767,
     26523,
    -31130,
    -30125,
    -29819,
     30524,
    -31483,
    -29906,
     16291,
      5974,
    -30840,
     23896,
    -31488,
    -31461,
      5614,
     24305,
     31348,
     31028,
    -22238,
     23223,
     30994,
    -29523,
    -32417,
     30534,
     30721,
     25407,
    -30508,
     31250,
     31198,
     30740,
     30140,
     22034,
     30044,
    -31473,
     31032,
    -30545,
     30463,
     30519,
     25524,
    -30379,
    -21660,
     20127,
    -29704,
    -30677,
    -28848,
    -23752,
      5254,
     31707,
     31017,
    -29804,
     29503,
     21088,
    -29851,
    -32113,
     31591,
    -31957,
    -31357,
     18687,
     32061,
     31219,
    -12269,
     30112,
    -31053,
    -31238,
     30036,
     -2702,
     32450,
     31727,
    -32363,
    -31073,
    -14644,
    -30227,
      5285,
    -24306,
    -13223,
     21175,
    -31155,
    -30495,
     29618,
     26632,
     28581,
    -30821,
    -30142,
    -29594,
    -29561,
     25794,
     30022,
    -31754,
    -10540,
     30856,
    -29755,
     26425,
      4029,
     30050,
     31091,
     30014,
    -30289,
     17858,
     31008,
    -30450,
    -19578,
     30649,
    -31244,
    -23200,
     31132,
    -29667,
     30108,
     30675,
    -30389,
    -29921,
     15356,
    -30023,
    -32009,
    -30860,
    -29946,
     29913,
    -30600,
     30341,
     31803,
    -32091,
     31591,
     25785,
     30584,
     30584,
    -23201,
     31163,
    -30109,
    -31148,
     30563,
    -30358,
     25405,
    -19444,
      5403,
     28896,
    -30203,
     31589,
     30745,
     26621,
     29531,
    -17914,
    -27801,
     26167,
     30645,
    -29745,
     31293,
     30910,
    -29920,
    -21566,
     24942,
    -27862,
     31278,
    -32755,
     29714,
    -29493,
     24169,
     27942,
    -31996,
    -29662,
     22133,
     26764,
    -27842,
     29615,
    -30782,
     28818,
    -30417,
     29772,
    -30584,
    -30694,
    -30360,
     31207,
     22464,
    -29290,
    -17184,
    -30169,
     30664,
    -22603,
    -31547,
      3540,
     29774,
     16436,
     30401,
    -30270,
     30134,
     31015,
     20712,
     31035,
     31292,
    -29918,
     30126,
    -30800,
     29021,
     23126,
    -31226,
    -30082,
    -30674,
     29589,
     30315,
     31550,
    -30478,
    -30033,
    -30470,
    -31510,
     18800,
     31624,
    -22130,
    -30323,
     29700,
     23052,
     30318,
    -29749,
    -31191,
    -30778,
     26008,
     30074,
    -30073,
     19107,
    -21443,
    -30276,
    -31308,
     22522,
     23159,
    -29922,
     31695,
    -30424,
     21605,
     30743,
    -31062,
     30356,
    -29974,
    -30736,
     31796,
    -30573,
    -31039,
    -31186,
     28009,
    -26866,
     30557,
     30655,
     29825,
     30748,
    -30308,
     31310,
     29981,
     30014,
    -30499,
    -30605,
    -24984,
    -30346,
    -31760,
    -30218,
     30210,
     -2944,
     31931,
     29194,
     30646,
    -31966,
    -31591,
    -11295,
    -29571,
    -26832,
     13573,
      5318,
     25452,
    -29863,
     28664,
    -31650,
     29636,
     18526,
    -31163,
     29597,
     31029,
     29666,
     30635,
    -18925,
      5634,
    -31956,
     30253,
     27679,
     31041,
      6381,
     25114,
     27304,
       906,
     28765,
     30114,
     30728,
    -30428,
     25107,
     31002,
     29777,
     30311,
    -32260,
     29903,
    -30875,
     24939,
     23648,
     29676,
    -31115,
    -29492,
    -30067,
    -31793,
    -20557,
     30443,
     -3224,
    -12214,
    -22975,
    -30378,
    -29572,
    -20246,
    -29554,
     16492,
    -31267,
    -32768,
    -29741,
    -29957,
     30330,
     20397,
     21946,
    -31439,
     30049,
    -27035,
     30834,
     31002,
     32120,
    -19438,
    -30222,
    -31992,
     26481,
    -28033,
     29526,
     31497,
    -31063,
     -8530,
     30156,
     26520,
    -16859,
    -30545,
     20373,
     29831,
     -8613,
     32422,
     31046,
     31995,
     31387,
     30905,
     -6257,
    -31386,
    -31911,
    -29322,
     29968,
     14009,
    -27685,
     31542,
     30581,
    -30505,
    -30074,
    -30966,
     -8508,
    -32065,
     29640,
    -16362,
     29878,
      9672,
    -22454,
     30649,
     29634,
     27215,
     30468,
    -26904,
    -30879,
    -30821,
     29664,
    -31370,
    -29750,
     32035,
    -30821,
     30101,
    -24848,
     27883,
     32364,
    -31512,
     31345,
     29913,
    -30174,
     31308,
     13571,
    -30898,
     23726,
    -30225,
    -30217,
     22848,
    -31507,
    -24045,
     10047,
    -29593,
     29813,
     31918,
     30717,
     31994,
    -12781,
    -30545,
      4688,
    -31576,
     29911,
     29924,
     31633,
     20321,
     21560,
     -2269,
    -29769,
    -29544,
    -30802,
    -30117,
    -12200,
     31589,
    -30061,
    -29148,
      9716,
     -8291,
     30475,
     29714,
     27126,
     26442,
    -30743,
     29833,
     11437,
    -29526,
    -29912,
     30674,
    -24086,
     32402,
    -30401,
    -31268,
     26401,
     31094,
     24652,
     31506,
    -30147,
     29630,
    -30079,
     28273,
     30996,
    -30465,
    -22627,
     29846,
     28633,
     21781,
    -27092,
     31737,
    -27554,
    -29887,
     27824,
    -29156,
    -30713,
     30398,
     31050,
     29962,
     31117,
     15629,
    -21077,
    -18233,
     29737,
     30640,
     30140,
    -31030,
    -19148,
     25209,
    -30084,
    -29790,
       915,
      9158,
    -28407,
     30464,
    -31355,
     30188,
     28268,
     31192,
     31343,
     30240,
    -27733,
     13729,
      5119,
     30060,
    -30208,
     29922,
     15769,
     29897,
     31443,
     27189,
    -31096,
    -32287,
     30950,
     26305,
     14638,
    -31558,
    -32413,
     29701,
    -29588,
    -29971,
     29797,
    -29264,
    -30863,
     30354,
    -30697,
    -31428,
    -30207,
     28665,
     30635,
     31676,
     30598,
    -30268,
     18861,
    -24428,
     31531,
     31067,
     29653,
     25492,
     29778,
      5920,
    -29859,
    -14091,
    -31003,
     25578,
    -29887,
     29618,
    -16369,
    -30167,
    -28523,
     31829,
     28504,
    -24243,
    -31475,
     31173,
     30802,
     30475,
    -29752,
    -30479,
    -16310,
     23230,
       -61,
    -31437,
    -30872,
    -30152,
     29876,
     20302,
    -25363,
    -30835,
     29891,
     31177,
     31790,
     22580,
     30998,
     30334,
     31760,
     31088,
    -29686,
     30799,
      2960,
     30477,
     27589,
    -30579,
    -20954,
    -20090,
    -16580,
    -30948,
     12155,
    -29787,
    -14967,
    -31208,
    -29586,
     23325,
      5796,
     29623,
    -28573,
    -30208,
    -25217,
      6444,
     29966,
    -30576,
     31208,
    -21258,
    -29835,
     29922,
    -20984,
     29324,
    -29905,
    -31183,
      7117,
      -569,
    -30215,
    -31699,
    -30340,
     29865,
     29889,
     32175,
    -19376,
     31882,
     28163,
     30297,
    -31283,
     31100,
     30932,
     31316,
     -7470,
    -31934,
     22618,
     29859,
    -21850,
    -29522,
    -30267,
     11704,
     -5464,
     30081,
    -16929,
    -30255,
     29107,
    -29735,
     14687,
    -12894,
     11411,
     30226,
    -31136,
    -30560,
    -31090,
    -28685,
     29854,
     31657,
     30484,
    -19002,
    -30815,
     31275,
    -30837,
     30565,
    -31924,
      5631,
     29959,
     30257,
     31154,
    -14411,
     31433,
    -30336,
    -27983,
    -29891,
    -31011,
    -28089,
     11440,
    -30066,
    -24080,
     30570,
     30734,
    -18256,
    -24535,
    -12775,
     30368,
    -25387,
    -19865,
    -28831,
    -30218,
    -30863,
    -30745,
    -31778,
     29761,
     30912,
    -30089,
      9760,
     29648,
    -22572,
    -15709,
    -30872,
      1741,
    -24514,
    -29583,
     30797,
     31041,
     30445,
    -23258,
    -30149,
    -14485,
    -30451,
      7087,
     32161,
     28726,
     30756,
      2693,
    -30802,
     30284,
    -30108,
    -30467,
    -31612,
    -30144,
     27724,
    -25364,
    -30396,
     31183,
    -29496,
     10329,
    -30200,
    -14012,
    -26338,
     29810,
     29909,
    -31332,
     30418,
    -31689,
     -9431,
     29981,
     32074,
     31183,
      5681,
     30405,
    -23626,
    -31193,
    -30503,
    -30946,
    -31538,
     21640,
    -26570,
    -31423,
     30948,
    -29950,
    -30940,
     11839,
     30003,
     29544,
     28805,
     29813,
     31779,
    -29826,
     29521,
    -30288,
    -29834,
      2863,
     32006,
     31381,
     30019,
     30107,
    -30286,
    -24858,
     30578,
    -28095,
     29622,
     22016,
     29529,
     31152,
     21569,
    -30060,
     11376,
     31700,
     30038,
     30583,
    -31440,
    -13115,
     30815,
     17240,
    -26244,
     30239,
     31068,
     14075,
     30744,
     29855,
     30584,
     -8738,
    -30143,
    -29866,
      8996,
     30786,
      8391,
    -30315,
     31033,
    -19629,
     30135,
    -14038,
     29641,
     29452,
     27482,
     30211,
    -30608,
    -30292,
     30856,
    -30852,
     29966,
    -29914,
     31787,
     -9171,
    -31316,
     -6812,
     31338,
     29784,
    -30963,
    -31118,
    -31574,
    -30462,
     32346,
     30530,
    -30906,
    -30012,
     30244,
     27787,
     14675,
     20868,
     20260,
     31062,
     20542,
    -30165,
     29766,
     30288,
     30902,
    -30368,
    -29961,
    -30793,
    -31852,
    -17147,
     30528,
     30073,
     -9697,
    -15287,
    -30406,
     22598,
    -30671,
    -31328,
    -32202,
    -22644,
    -30434,
     30075,
     26109,
    -31051,
     30862,
    -30430,
    -30580,
     10878,
    -17964,
     21967,
     30008,
    -30120,
     29824,
     30329,
    -22769,
    -30157,
     24515,
    -31188,
    -30811,
     -4802,
     29831,
     -4194,
     30267,
    -29618,
     30731,
     31215,
     30958,
      9109,
    -29941,
     31282,
     30857,
    -30802,
    -30641,
     31859,
    -29899,
    -30038,
     -7761,
    -29538,
     29711,
    -31348,
    -30405,
     30560,
     19112,
     -9778,
     29778,
    -31155,
    -29655,
    -29692,
     31361,
    -31312,
    -30572,
     30211,
     30600,
    -30374,
     29499,
    -29534,
     31240,
     30721,
     14150,
     22084,
     18700,
     29835,
     19025,
     25652,
     -7712,
    -18565,
     29637,
    -31019,
     30385,
    -29631,
    -31194,
    -29885,
     19719,
      3248,
     24276,
     19045,
     30024,
    -31649,
     30855,
     29981,
     29751,
     -5694,
     32642,
     32385,
    -31317,
    -30105,
     31273,
     23053,
     31900,
    -31187,
     30912,
     23816,
     29724,
    -31638,
     30076,
     31087,
    -30139,
     31709,
     23187,
     30729,
    -30142,
     14527,
     29758,
     30922,
     29821,
    -31819,
     31145,
     30717,
    -31202,
       872,
    -30966,
    -29691,
    -30840,
     30349,
    -29569,
     27199,
    -30192,
     24146,
    -29117,
    -30346,
    -31361,
    -30367,
    -30763,
    -21601,
    -30990,
      5121,
    -31412,
     30581,
    -30591,
     30666,
    -30074,
    -29949,
    -29978,
     30366,
     30580,
     12262,
     30260,
      4895,
     31483,
     29917,
     30386,
     29802,
    -14695,
    -30540,
    -27741,
     29967,
    -30790,
     31484,
    -31325,
    -21517,
     25648,
     27921,
     31591,
     29905,
    -29840,
    -28848,
     32473,
      6444,
      8933,
     28616,
     30588,
     29930,
    -28996,
    -15794,
     24178,
     26867,
     10081,
     27908,
     30323,
    -10389,
    -31160,
    -30971,
    -30471,
    -30339,
     31150,
    -31169,
     30197,
     -5294,
     20943,
    -30645,
    -31947,
    -30168,
    -19700,
    -25473,
     29448,
    -15688,
    -30700,
    -30037,
     30202,
     30482,
     29908,
     28776,
     30200,
     23280,
    -11953,
    -30602,
    -30861,
     26031,
    -27168,
    -29739,
     -3230,
     16678,
    -30576,
    -31212,
     29707,
     31124,
    -30280,
    -30019,
    -29975,
      7937,
     29590,
     25918,
     22665,
    -30807,
    -29853,
     29538,
    -29687,
     30413,
     30902,
    -30036,
    -29953,
     -5082,
     17980,
     19381,
     16822,
    -15094,
    -30874,
    -16211,
    -29574,
    -30465,
     30437,
    -30127,
    -28494,
    -19667,
    -25284,
    -30445,
     28879,
    -30842,
    -30559,
    -31005,
      9499,
     29493,
    -30776,
    -31568,
    -32692,
     30005,
     30475,
    -29892,
    -29673,
     31107,
    -29658,
     15905,
     31850,
      5009,
    -29607,
    -29593,
    -30978,
     29571,
    -31375,
    -31453,
     30853,
     25028,
    -30985,
     29934,
    -32768,
     -6468,
    -30785,
     -6370,
     29934,
    -31552,
    -30440,
    -30240,
     26716,
    -31790,
    -30536,
     32659,
     29931,
     30263,
    -32262,
    -31536,
    -26689,
    -31766,
     32413,
    -16692,
     26949,
      3466,
     29846,
    -17470,
    -30882,
    -30334,
    -26568,
    -19033,
    -29835,
    -30674,
     15478,
    -30169,
    -28374,
     30715,
      6673,
     29717,
    -15880,
    -30409,
    -30444,
    -22992,
     30739,
     30368,
    -30660,
     23179,
    -30159,
     31366,
    -30730,
     30146,
     30431,
     31205,
    -29382,
     20303,
     30189,
     29512,
    -29852,
     27253,
     -4458,
     30455,
     18340,
    -30668,
    -31270,
    -31970,
     19710,
     29676,
      9829,
      2326,
    -31092,
     30536,
    -30673,
     24334,
    -31560,
     20425,
    -30107,
     30160,
     30920,
    -30812,
    -32043,
    -31807,
     15458,
    -29643,
     31140,
     29924,
     30734,
    -30993,
    -29902,
    -31092,
    -32321,
    -24440,
     10744,
      2052,
     31401,
     -2115,
     29601,
     29857,
     31057,
    -31426,
    -11972,
     30850,
    -29785,
     24430,
    -26544,
     31516,
    -30013,
     21603,
    -22900,
    -31217,
    -30034,
     27488,
    -23498,
     29511,
    -31609,
      5808,
     21195,
     30306,
     -3662,
    -31001,
     27228,
    -31002,
    -30308,
    -31962,
    -21686,
    -30156,
    -29015,
     32066,
    -29228,
    -15691,
    -31254,
     31740,
    -29678,
    -30010,
     15663,
    -31396,
     30814,
     23418,
    -30139,
     14435,
    -30444,
     29862,
     29863,
    -30627,
     30699,
    -30754,
      7477,
    -30490,
     19328,
    -26140,
    -30294,
    -30835,
     29981,
     31377,
    -29869,
    -30638,
     30793,
    -15673,
    -30659,
     21804,
    -30667,
    -30336,
    -30520,
    -30550,
    -29892,
    -31914,
     30633,
     30642,
    -29759,
     31082,
     30052,
    -30075,
     29618,
    -26682,
    -24224,
     31880,
     29793,
     24638,
     31261,
    -32210,
    -30114,
     30094,
     19111,
     28909,
     18815,
     30895,
    -31259,
     29292,
     29356,
    -30859,
    -30862,
     31414,
     31004,
    -30313,
    -29936,
     31437,
    -31962,
     29943,
     26061,
    -31459,
     25098,
     31366,
     26576,
    -32081,
     30452,
    -30339,
     30332,
    -29925,
     21158,
    -30620,
    -30126,
      1015,
    -22662,
     30418,
    -30395,
     31410,
    -30557,
     28176,
      -491,
    -29884,
     15586,
    -25020,
    -29863,
    -30699,
     32010,
    -31552,
     32387,
     16013,
      7803,
    -29903,
         3,
    -30478,
     25778,
     30116,
    -32235,
     30692,
    -29484,
     31850,
     30052,
     31046,
     23013,
    -18203,
    -18634,
     13224,
    -29664,
     29946,
     26781,
    -19012,
    -31513,
    -29534,
     30241,
     31645,
     18598,
     30609,
    -20211,
    -29706,
    -30912,
    -22266,
    -29718,
    -31904,
      2877,
    -29529,
     29636,
    -32197,
      2485,
     30523,
     29517,
    -30196,
     29090,
     30058,
    -30970,
     32555,
     31433,
     29649,
     25377,
    -27255,
     29922,
    -30191,
    -29708,
     30659,
    -26604,
     29994,
     29664,
     31708,
     27892,
    -31315,
     29646,
    -30998,
     -6583,
    -30437,
     31272,
    -30129,
    -10515,
    -31903,
     -1604,
    -29700,
     -1054,
     30092,
    -30673,
    -31417,
     29929,
    -30517,
    -19144,
    -31978,
     30009,
    -29519,
      7265,
     30193,
    -30172,
    -22287,
      5397,
    -30965,
    -31375,
     31304,
    -31549,
      6445,
    -31021,
     30902,
     22496,
     29814,
    -29730,
    -31027,
     30071,
     12777,
    -31346,
    -31088,
    -30787,
    -22593,
     15938,
     31317,
    -30065,
    -29532,
    -29712,
    -25381,
      3778,
    -30369,
    -30381,
     29824,
     -3448,
     30385,
    -32024,
     30481,
    -31083,
    -29861,
    -17107,
     31035,
     30307,
     30076,
    -30108,
    -27549,
     31530,
    -29317,
     30006,
    -27509,
     28041,
    -30028,
    -30061,
    -30943,
    -13757,
    -30596,
     14430,
    -32624,
     30856,
    -31122,
    -28862,
     32513,
     29542,
     31621,
    -30696,
     -3284,
     29626,
    -31403,
     30675,
     30576,
     31126,
     30082,
     29646,
    -29898,
      6648,
     29893,
     30460,
    -29583,
    -29608,
    -32009,
     30329,
     30737,
    -31569,
      4553,
     30265,
     26326,
     27944,
    -26174,
    -32216,
    -31830,
    -30501,
    -19412,
    -29930,
    -31435,
      -211,
    -22976,
     29866,
     30372,
     30108,
      9612,
     29720,
    -30833,
    -31388,
     29613,
    -29902,
     30754,
    -16625,
     30159,
    -25062,
     29824,
     14625,
    -31511,
     30619,
     29976,
    -29775,
    -30061,
    -29633,
    -30858,
     31251,
    -30637,
     30611,
     30731,
    -30464,
      8265,
    -30058,
    -24831,
     30767,
     31465,
    -20893,
     31047,
     29603,
     31116,
     31210,
    -32523,
     27559,
     23696,
     30149,
    -29773,
     30308,
    -30359,
     30226,
      4566,
     30454,
     30513,
       103,
    -30171,
    -21103,
     31051,
     25522,
    -24190,
     14005,
     28792,
     29733,
      2261,
     -6808,
    -31375,
     29180,
    -29567,
    -30982,
     25791,
     32118,
    -14209,
     30746,
    -31466,
    -27807,
     12871,
    -29508,
    -19385,
    -23007,
     17159,
    -30147,
     30375,
     30303,
    -30420,
    -12817,
     29536,
      7705,
    -29928,
     19971,
     30341,
    -31130,
     29887,
    -30368,
    -27384,
     30370,
     30356,
     31431,
    -30650,
    -30442,
    -10825,
    -20392,
    -30964,
     -7415,
     31189,
    -30678,
     29810,
     29866,
    -30881,
      5234,
     27653,
    -20910,
    -30529,
     30073,
    -19490,
    -25951,
     30021,
    -30713,
     30505,
     30567,
     -7370,
     30958,
    -29584,
    -30819,
     30241,
     30089,
     23487,
    -30840,
     31565,
    -30252,
     28785,
    -31420,
    -10553,
    -27149,
     24752,
    -29917,
     29783,
     29716,
     30557,
    -13021,
    -29732,
     30327,
     30903,
     30284,
    -31778,
    -31712,
    -30174,
     11448,
    -31571,
     30576,
     24085,
    -29174,
     31121,
      8357,
     31381,
    -31684,
     29851,
     27942,
     31948,
     15965,
    -30331,
    -30284,
     30033,
    -27836,
     31120,
     31528,
    -24780,
     20785,
     29727,
    -12808,
     31046,
     30683,
    -17046,
    -30407,
     20454,
    -29963,
    -29758,
    -29901,
     32109,
    -30856,
    -30140,
     30165,
    -30770,
    -30273,
    -29510,
     30306,
     -3842,
     31707,
    -27617,
     31648,
    -30929,
     31329,
     30945,
    -31595,
    -23960,
     30287,
    -13702,
    -30749,
     29604,
     29047,
    -13964,
    -16402,
     30592,
    -26770,
    -12414,
    -31408,
     -9171,
    -30828,
    -24653,
    -29463,
     29187,
     31453,
      1706,
     30236,
     -5846,
     29710,
     31130,
    -32043,
    -29985,
     -6896,
    -30322,
     -6944,
    -30251,
    -31355,
     29653,
     30142,
    -21221,
     31957,
     13042,
    -27873,
     30437,
    -22281,
     30736,
     25244,
     -2597,
     31285,
    -29545,
    -32225,
    -29175,
      5030,
     20889,
    -20407,
    -30048,
     27739,
    -31679,
    -31483,
    -31378,
     30278,
     30752,
     19125,
    -30558,
     31790,
     30139,
    -24746,
     30005,
      4480,
     13997,
    -29847,
    -31058,
    -30622,
     30798,
     29813,
    -29586,
     30276,
     30819,
      2547,
    -18295,
    -29636,
     26539,
    -30590,
     31221,
     31168,
    -30051,
     30736,
     29813,
     30993,
    -30254,
     31292,
     30401,
     11477,
    -31192,
     29987,
    -31769,
     24893,
     30188,
    -30823,
    -30118,
    -30324,
     30586,
    -16177,
    -23483,
     32158,
     32119,
     -5302,
    -29459,
    -30561,
     29966,
     19419,
    -19094,
     30452,
     29865,
    -31321,
     23358,
      9162,
     31337,
    -20717,
    -30873,
     29538,
    -30299,
