174653
233661
273115
256290
185494
149025
183444
209761
209905
218411
206415
139469
103859
144780
171488
139693
106868
140308
218623
272291
273000
220207
181615
197804
243134
268180
248780
194820
134217
119876
184267
254615
226164
129531
79522
140408
230499
233461
155141
123194
155779
202120
242145
247093
186325
138262
175189
224864
212181
183352
172139
159080
155110
169909
171479
150681
163633
176237
175121
191869
227701
215622
145586
94768
100269
142190
173796
183960
173591
190360
242870
253799
197995
155610
146316
157897
195801
210842
200419
187291
148134
84691
55673
96892
150250
180300
181701
194170
211138
207170
173707
121685
139871
225339
289828
259154
207198
193421
161664
106010
81666
123088
155623
166273
183957
180059
167426
148309
148495
150814
169076
192261
205326
214652
186551
143405
156729
204708
234364
236899
221454
183451
149025
128720
123705
122155
117082
118029
147363
180419
169532
154334
165977
166821
142037
153156
191673
232613
267108
254961
201212
138841
108500
147016
202936
186821
144403
154218
175761
169305
126776
94634
101859
152770
215223
240815
220363
177178
128411
124199
173390
181969
129755
126975
176738
202658
208288
214034
206267
153305
119692
137858
195859
242080
215506
159583
139868
159879
155399
111388
98527
148053
198015
201205
162831
137144
163150
207746
210881
163213
145102
194063
228420
175439
128869
171125
210976
198977
155940
133097
127768
114494
137983
174943
190483
167082
161502
202312
233425
197395
131332
149563
225223
225936
145501
122706
188255
216952
159602
106455
96109
115701
144590
173813
183467
193826
203120
211260
204224
185606
162383
170102
206886
192115
145386
152002
180652
175223
164809
167619
166123
137048
133023
148883
151673
165298
178749
164293
161355
172054
161583
175920
215359
237229
228338
213317
207050
190842
140251
83869
94522
133874
170905
200095
200434
155004
129181
164288
190203
145999
102592
108091
157189
195989
200114
192140
187012
211372
230618
243098
251891
208727
123219
75951
110472
140831
118488
97835
143189
224209
256823
225803
166157
97168
80247
121006
171529
178172
147772
154357
174422
165912
179974
242247
278961
239079
170753
160440
200759
194834
143773
96659
83459
121687
201115
230297
172777
117423
135557
175971
177279
174400
171641
148155
132609
151220
184847
191322
204746
241207
235021
206682
210612
207353
119658
18042
24170
124625
228250
227281
173324
150337
163800
176701
151165
138762
156180
200054
243120
244317
197654
157715
163588
157629
137591
179556
254265
240782
152709
95953
90164
112371
156314
174581
166307
172062
202366
233876
231376
171707
107452
116870
175455
196535
150522
130314
174760
218043
210415
164805
107451
90887
150710
211707
207092
194978
208021
214114
197640
176766
177874
180724
165546
156957
152777
171121
200708
199619
140586
80547
115128
207240
237948
203047
178262
179710
164406
159954
162453
129787
90567
97977
176696
237469
237650
215756
186020
176727
181186
168357
160795
181846
210109
184444
134388
115337
156792
205484
179190
132225
134318
192463
243300
206206
115906
70792
115803
203115
233101
191421
149197
162037
223018
263048
247850
173653
123740
124731
154155
187879
178360
144080
131392
147012
152475
142120
138178
163726
196929
184642
130381
129350
177987
203446
207598
221195
242013
248634
235286
177706
107566
100011
172200
207081
153901
75378
48648
95462
188116
251038
243086
196163
160326
136345
145698
177693
204449
186984
167703
188079
178343
132073
115903
167412
196619
166665
141606
180130
212783
178679
127290
129140
201930
269458
247958
179808
124644
108782
162623
236959
217992
130611
93581
148494
218656
198856
112320
62949
109457
207056
239568
194528
178198
216950
213787
157541
129035
153433
207681
247616
234042
155531
90371
103919
137857
118519
90646
146870
248334
287836
246290
188124
159256
148697
118844
100439
105861
117195
151931
234403
295413
237453
144823
131335
151343
142459
158708
227647
269619
243093
166763
86783
57010
114077
210890
257833
224756
143644
100329
131452
156860
128635
115550
178820
246768
224509
173932
158231
153249
172195
227904
271784
262298
201711
138962
94864
105362
131384
119678
103009
141631
187765
164983
130610
167238
226706
228706
161996
111075
157295
256694
294007
242741
163308
150960
204669
234169
186640
121517
101185
142525
190566
157230
72554
57899
140405
215479
201480
140143
130876
183226
244749
240299
203445
189342
220774
261903
229229
159141
113175
136957
185961
175186
118456
87879
124579
177863
206651
176472
142851
148643
180813
189786
157461
134025
146275
197765
226278
225601
198325
167641
189672
216069
179735
129861
121667
157242
178997
161423
137282
174568
239536
239069
164647
74677
56560
141635
214688
191661
162006
193531
242621
247193
219162
196285
186077
151898
102078
88232
121795
195585
257320
221440
120044
75917
127061
171695
163942
182649
241492
263467
199126
113486
77360
95720
161560
231201
244725
226309
209896
173641
144507
160798
191059
174959
107984
56011
74523
153942
238519
243261
188973
164579
172815
170000
157965
158428
179412
215513
244482
229298
203493
174652
143922
123766
124618
128332
108902
109855
169625
235777
229142
168124
132026
156365
178295
167245
189846
246480
284296
257263
176974
134265
140520
140078
114704
106214
129706
157684
176942
179232
181914
167643
141805
161099
213036
212354
157224
158882
234637
286501
239501
170785
148970
164683
161229
153644
155456
134283
138145
182837
204242
146249
87210
117432
187095
191491
146705
145949
202322
226892
196098
193051
236659
237074
193207
173275
152101
117734
111303
162798
193177
180688
174627
179241
158958
137514
140157
126854
135640
184872
184205
128562
140269
230745
278838
238497
175889
146138
132275
126235
141523
158339
164360
191112
223050
227539
196821
136537
92456
100192
159746
197521
204064
213435
222167
194021
157827
126607
100695
98072
143858
209313
219455
186622
187068
217585
217139
183611
157171
152008
143534
148286
167658
153101
120666
151679
221653
214057
148453
138451
182861
180543
137303
117076
140752
204566
282810
305751
222669
111328
106048
179145
203009
136185
83927
103251
164100
228398
249323
205632
111777
60891
107498
169842
180457
194269
211084
209653
189596
182173
181829
179362
186986
196712
203813
191347
175393
132461
74394
67580
117308
168053
180835
196890
227950
237369
210632
173216
167635
190045
195263
158609
126705
139615
172657
181691
154785
149888
156123
149926
134493
132688
144929
172746
184031
191243
220095
241879
210325
176968
197203
219379
188420
142071
142089
149590
129846
134044
177551
214542
205027
157814
107886
119017
200068
255057
212432
146097
146721
160080
139672
149481
195160
237392
261153
254520
208343
139231
90324
81162
107200
168485
234311
255632
193377
95878
59889
99379
175427
202255
160495
123159
166336
249108
258695
208955
152033
132187
167130
220797
250252
210948
159306
128138
116756
149219
164814
124749
79320
98491
186988
267734
254289
181597
146025
138103
134034
156122
213562
262077
262569
222598
163788
129681
121773
141128
150176
163066
214493
251811
216180
101106
13805
27432
127103
217835
247873
248127
201433
131786
103239
166748
249514
239434
166966
157290
228859
274762
244047
156614
106849
115289
138406
155851
179170
188330
147598
84926
78342
164662
247706
218022
126022
112918
183722
221392
182350
133420
135723
198273
270612
291221
245244
161608
119820
147569
196449
205770
153851
121447
151254
170464
124791
68777
65734
96775
134373
182084
262374
329235
293689
187717
114618
123353
165162
193633
216096
247486
241160
194830
184289
206082
168378
75648
60412
145527
202764
184336
135883
124546
161580
181824
158603
133578
166985
213220
219973
226754
240901
255502
254905
202908
125031
115917
167894
175397
119315
77275
130965
230337
269277
227997
171103
127930
110647
120065
138396
145084
127328
115030
165816
244387
258111
203433
145300
152241
210250
246312
236664
211312
165942
103142
78431
143194
235386
253071
170045
106858
119124
167818
180155
150596
103421
97344
150142
223249
281153
277385
198107
111726
123939
183904
212800
175932
140157
162683
208884
201220
135396
116078
165478
196363
180384
176358
221643
242893
167745
60707
44306
118852
183759
186183
183696
203473
242918
276536
255593
173745
90054
95529
141106
150885
151641
199857
259657
232043
170239
134863
118796
138226
188805
215214
172316
150706
187221
202341
178053
128592
78216
77336
176657
287754
296552
226359
191478
205578
192545
134966
114176
137703
144301
133480
141923
197554
258992
267450
184615
76305
41978
92792
162421
213368
207561
168105
169595
204496
200320
150098
114323
123976
178948
220975
238955
254711
241778
194253
148149
118502
121431
129807
120659
120812
156056
224420
244616
200598
112728
48012
71228
180140
271673
291506
250096
187194
155999
179384
235616
250009
193132
149350
146557
142501
133036
141196
175391
173782
143746
120298
114416
121219
162804
212826
232183
213435
198327
183978
153431
151403
194120
230674
222800
177032
146059
151496
186699
188859
138482
108103
144363
201745
189714
132715
105053
137904
202968
240912
215806
183691
201363
202084
174838
164440
158542
134013
135664
159818
162949
177241
191553
193525
197495
204845
195922
146499
104985
88976
92804
124599
192311
233777
204483
185303
216454
245655
209815
155008
147802
176204
209163
198416
152214
134666
167972
165924
131469
112365
109712
142192
186043
220197
231749
216551
193964
176518
171010
150699
147459
162448
182171
197555
177525
166315
165077
174899
184350
181308
169707
166030
183956
194366
184672
148150
110216
107571
129130
161613
199686
201752
173687
168403
210027
241317
205685
163400
172637
198704
169580
136136
163326
210151
211462
138991
52119
42593
132603
234603
233652
180259
170547
177626
156801
122012
115401
163044
252223
307591
286253
231659
180287
124569
78872
89254
131593
173060
193144
203641
209408
204987
189828
164820
115768
61757
79745
167090
216930
191860
151986
149084
181581
237371
253711
221402
192533
165103
155077
165287
162581
136092
149020
204647
232638
206679
165188
146261
123142
97426
83495
95369
159590
216608
188787
117010
128090
211300
258993
242245
212723
219716
238975
229726
161020
87033
98504
166024
201288
192532
190462
179830
156508
137918
125660
100711
76130
93216
140038
210413
270057
265825
185375
109435
119496
212601
286169
293948
266165
207120
115458
59165
107802
182574
166494
88309
62550
134288
196202
194913
171161
161282
173828
175395
175524
187762
189928
196281
221696
224507
185428
161296
156818
162976
193000
219275
186199
123430
128164
176044
205862
201090
163151
145008
169216
179962
147549
153677
212757
216833
163000
117723
105801
110345
121067
135886
161180
220460
280497
270451
219536
215528
234216
178714
85653
67168
125424
181627
202059
205126
189138
168390
128702
82358
106977
180849
234261
222972
170650
154747
190693
212748
199558
172336
173628
212724
229654
204562
149485
104316
117379
163767
172469
142129
155333
197254
221831
207241
192724
198850
173822
153470
159615
156852
123979
105171
141664
214901
271954
261005
186346
126783
118657
136168
149965
165312
179350
173239
159709
168793
205425
226837
183754
136644
147724
200990
227426
180066
132650
122150
133283
124260
90694
81669
127280
210785
286814
315702
279138
183015
79610
43459
108101
199597
261177
283354
256855
213397
184903
144051
79626
44695
60637
124202
196320
218544
206519
196537
171571
138402
139697
155378
178463
197177
215399
218553
218089
219242
170539
110674
89571
143562
210965
251926
271139
247276
190804
127319
108201
123562
101607
61748
77633
180308
257510
256885
209929
171691
188508
200078
174916
160712
169766
184167
217838
235895
223318
178040
122716
90164
98549
121812
138348
185204
237250
212023
134153
124296
188121
204574
177825
159591
179536
212420
216162
191374
152890
128832
150299
179008
172356
150104
157941
212993
258435
221000
141124
137045
208118
234298
155556
70245
90936
163676
210339
201894
170232
171706
176830
170298
144830
127381
168259
239594
271005
221597
168153
182972
195023
168733
125375
131611
164070
199332
216727
207304
195279
184289
184033
150297
77621
33511
65688
147231
207757
206692
180278
192051
233808
225096
179208
145795
140937
151653
169515
222606
277429
271866
185555
104246
103869
151196
173191
159448
121577
108726
122304
152386
178030
173137
128104
100415
165809
264850
302525
244544
163638
136473
179388
206225
161372
115411
159219
240835
241760
198455
186030
183236
149470
116034
109362
135864
161590
163228
148868
140104
129385
124186
162174
195323
189629
160276
150374
201739
240442
214352
169859
178712
232641
260233
215876
138647
133938
173235
184930
141423
78351
90180
153622
166901
114031
112869
192092
253926
235412
162837
122027
163070
227680
220119
182722
195691
223238
200347
170005
175328
167899
128866
127705
159458
158422
155967
186738
211925
194243
148008
125716
154492
199637
203495
171991
162280
186625
180435
126959
105662
133512
188645
227875
222695
205057
192464
195093
197530
202648
179413
132109
134957
160744
155950
133747
145100
197384
230205
192696
143600
127161
122536
140316
167978
159691
158492
187982
214909
200062
165530
186106
241407
236979
152111
115791
158775
218626
225830
183610
146472
120772
107219
139033
199819
226387
208603
179487
132542
111444
143513
175257
155237
118247
132492
200051
264640
271093
229939
156703
96796
95864
146772
218376
253868
226704
160358
150777
177977
166204
139360
129684
111832
113253
154202
202874
189668
132127
129061
186237
214901
183219
151335
161645
194831
233918
240792
212651
206197
198713
165263
149382
161426
155707
150143
145137
122339
109748
156050
209327
209405
167646
112204
80065
98011
178793
258014
280524
254475
197099
159119
175203
205820
195638
151326
142618
169895
202155
192851
131209
59964
40059
96809
202289
289834
304707
260925
210809
169176
143900
124204
100391
90949
113873
181862
254792
259743
210668
148998
119040
120703
156708
184994
161689
148892
191563
252590
249867
202319
134167
68642
90853
164502
220156
237095
224370
180966
122224
90409
115485
176121
187186
153087
165147
235608
270773
243988
190507
128151
118773
165321
194892
167949
155648
179658
209881
210677
173533
161719
150685
140480
138165
165064
185571
162210
146819
180326
209150
207258
190311
179432
191108
193033
178587
163651
157445
155164
152001
147605
153142
183469
184797
146133
153887
193499
225538
229561
214215
185308
147475
113973
115924
136489
129974
113193
128073
190432
242036
223423
150493
125444
150485
184297
222512
251209
248775
221037
183808
170354
170238
170747
158064
152054
156999
128407
82989
63020
90626
153185
212022
224244
208058
188633
185133
204577
227901
232176
187758
125004
104100
165202
243655
252435
198097
131069
101194
96109
128152
184648
202365
156672
108476
138174
209586
229320
173156
138899
158169
194796
199644
163842
161851
187528
225583
238552
229986
196139
121679
70342
115610
191894
206968
178820
176488
182206
186387
185485
155540
131910
117474
126712
140112
153213
207812
254548
250046
210104
177378
177153
172444
174544
164887
143124
160327
184997
188064
152946
109928
93205
110868
157419
214014
253527
221306
171763
158218
177624
176892
159105
150096
184927
250176
274280
234928
170115
122275
100752
80481
67965
109685
162862
173991
182335
224414
248525
191047
109347
117992
198987
238569
208662
197280
203277
193828
188427
182505
158705
153058
186231
196485
146143
85697
98235
135788
157113
181041
209872
210358
164463
114583
135007
220924
276137
260676
211816
167358
144528
149359
146001
143248
143528
116821
84127
104351
167950
204221
210480
219842
227067
214803
176881
175237
213630
234311
188877
132272
108150
119288
131520
122151
139053
183390
212842
176557
137732
156395
193223
183876
160256
170450
168765
154984
188041
243905
248956
199449
140661
130932
162925
163516
127331
141222
203168
212868
169104
146814
153143
178699
185404
174163
145257
123909
175950
234677
247874
228861
207887
159944
97111
76552
105288
154740
180267
168108
153628
182910
238936
233121
176035
136870
155611
193761
176200
133729
153033
225006
220227
136443
81153
118646
171510
201132
233264
228012
208602
211605
199306
137798
108346
136251
158591
187109
204425
194937
186732
193863
179232
151353
162463
194173
201613
158231
108516
111785
172320
208142
173108
126982
127613
167122
194154
199151
194158
191438
208138
220315
195307
171127
163335
147248
131096
164605
223747
242789
190678
106741
59161
95491
177128
219393
177610
129246
117708
135458
204581
273632
240692
157651
148690
195931
190993
140555
150300
220207
251479
214788
159391
158955
180433
180797
145838
131650
164819
162342
104813
86892
133290
205726
268571
271363
174757
65794
67260
162640
235726
222221
184781
175181
202128
208318
156135
111341
128281
182740
206396
172480
144241
138867
163798
207470
224464
197234
158479
121874
90663
91190
126415
169112
216738
224865
201469
180242
197632
220994
203091
167168
170818
190917
212118
216123
183752
134197
108644
127128
178001
199013
164039
144834
153731
159784
177509
177549
139992
127092
153676
182279
223321
257966
240950
182877
145305
156434
200417
201630
144083
110022
161076
217132
228611
202610
147307
102320
119713
167003
194982
187714
155541
114648
93579
146245
210805
238656
239341
222412
197256
186034
195071
191789
148970
128299
149208
188567
210931
181561
140378
133895
152728
174211
188400
157274
88776
71371
141717
249301
303335
262458
154402
64473
60570
130522
216879
247718
247441
254563
248096
192830
133630
90294
49981
50251
126159
208557
244037
241737
200494
132890
110110
155059
176163
160231
162709
193746
195228
189448
211823
222212
169309
127513
161935
219256
232809
193106
125331
82521
108410
155698
171952
161116
170757
189959
214269
214012
172009
149628
176376
203528
192561
185639
180014
167818
163789
134472
112812
125451
175181
218543
186367
115910
112212
180150
236356
235754
183481
126307
118362
169438
214488
221807
199629
170824
179278
218432
234556
179260
112821
108922
143522
176100
165681
137200
158378
193000
170770
112583
106062
176737
242030
227364
163399
172059
240489
223944
106747
24611
67193
196210
308194
322864
244779
155772
90963
62980
70669
106363
152601
203162
232785
248315
233939
177288
140947
145754
175308
186560
189415
204303
197321
163978
141733
179267
224297
208554
149372
130611
148697
164496
182117
199321
171299
135573
133454
139699
132588
132343
174164
222803
205549
145160
135697
207538
264389
227713
176993
180971
186925
169673
167326
191479
213107
209713
177305
111744
80180
115345
149692
122020
74530
94256
161729
239149
273193
246962
183242
170984
207765
236655
238342
197933
137880
127404
183901
211930
185258
138418
121439
122056
132879
162442
170049
159526
146371
160195
198164
228543
212444
143252
88012
112124
190572
248990
230210
182337
146847
155735
184258
190106
193553
198133
190708
166602
163836
166872
160896
130136
104924
116320
165081
218322
218824
174096
137349
159642
201669
181234
113554
79066
130406
212968
270990
267492
201728
147991
170906
227951
212590
164261
172200
192003
177837
128615
93814
101777
137959
181025
186508
184585
186598
177556
162085
131118
112403
158172
222681
224985
212098
231599
227611
208343
208087
172418
93786
70841
129032
207693
217548
184226
172713
171833
171077
169258
140351
86737
105135
188050
218751
209064
211593
186754
126222
123813
168679
181859
182793
221850
258698
253713
201193
131716
95660
118066
184546
229104
191304
115875
89226
126589
144515
111380
91459
129737
207456
265608
273690
243689
189357
142204
139731
173967
189359
201375
233997
239190
170938
87905
79144
147127
187615
140842
94491
125097
210768
232724
178428
138317
184408
268061
266300
183587
107305
102584
178131
236826
227721
159084
102377
132564
207494
231389
175944
125835
140381
184249
194554
146282
121484
137848
165287
168787
135303
132082
202503
268524
264873
218460
162165
148308
160485
145448
124378
156283
243804
268074
187488
96251
100541
159044
187074
196722
179862
168571
184874
185952
176039
173159
145514
121176
149078
197835
205155
161572
102959
98516
137000
177470
213008
230705
221076
197881
158243
118429
146295
216202
240338
222065
213567
219579
211224
178395
133244
105385
103025
128904
146851
137212
151824
170261
176277
168153
183067
215996
203110
146241
110674
168100
249172
236761
152291
132762
209191
257673
220258
155103
128867
110548
72304
59529
98235
161777
191780
180013
188939
229031
234565
163822
97529
113584
209928
279491
265011
232783
232512
224539
154618
79187
84962
134803
154066
144597
140486
154225
170693
187586
161383
109919
113283
167577
219272
232090
220083
233566
247491
246996
233537
177647
100816
101008
174279
223317
192058
116620
85677
142714
185191
151503
144813
211692
273266
244731
140997
74319
125862
196721
182368
140053
170762
226098
219529
194485
198336
180458
135041
132806
196006
233776
186859
144068
178183
209636
161170
95170
112568
152997
141161
121438
167930
227845
218532
175330
180844
216792
208285
171721
179630
196905
169171
129837
131966
179325
206029
192899
152916
140993
178675
201721
189132
141775
112599
160335
229849
207727
110874
101164
193866
256963
215600
163229
186190
228827
203922
155676
152388
148021
127457
118588
134237
168992
210546
240419
210598
163579
135224
123129
124062
145562
207388
255701
241009
171066
145275
186700
215387
162436
79468
60635
128571
172113
135856
108269
174741
267903
272990
215752
172957
137722
111952
145869
204905
224456
215267
189494
171481
143619
118663
128413
161025
158985
125407
124256
185850
259610
271871
215104
128800
78291
113430
186026
203755
167737
153134
187755
247220
274801
209518
126777
126729
171742
159848
111829
130357
169380
146793
107516
128036
199998
232143
215491
166967
143914
159474
172691
185317
208697
231700
227428
179854
117990
95904
141140
197839
190706
163866
165830
184197
194745
191041
156665
111273
126386
166713
179534
197558
207043
182601
164807
166740
163294
160990
195122
215830
194193
166773
172999
195685
211267
214706
197602
152575
105223
80935
83100
128260
190889
202812
192570
205595
216721
198313
169781
143479
142396
158613
156863
149223
162170
211199
227754
205203
167350
132592
150173
201073
205101
154963
146503
209581
254791
201699
113813
110283
176387
205960
179856
161558
156585
176298
201740
202646
152195
87804
68727
90965
127416
185247
260241
302306
273416
195165
124218
132510
191583
202400
173871
172626
197792
213532
187789
122987
62354
58664
119446
207450
234408
179476
125977
130664
183949
212296
213512
224264
222873
221928
246848
260310
207207
125650
95299
115702
138026
119698
118380
160696
186252
146706
93060
101682
166357
201016
170325
162301
185546
193952
200560
246992
296597
296615
240961
193263
168916
128479
107196
111824
118001
151243
204771
197640
142840
105353
87834
96845
108575
127712
201225
289460
283569
179702
124562
179820
230088
194519
170406
210306
218019
172898
170156
214731
220594
151312
108031
148512
201391
172070
90189
68353
123594
197834
223751
192649
158660
145012
146898
177932
200099
180448
155460
171398
224810
279898
290470
240867
149917
97563
110643
130888
126585
117755
119695
121703
150952
195982
188477
130846
96188
135753
228968
299769
276557
178361
107166
125961
212798
257001
230264
172265
128253
150872
193629
212441
204014
174581
106329
44629
68550
138333
199273
215008
167724
120780
167967
261376
243581
127082
83280
172227
273781
272993
225336
193822
150250
116426
136069
203532
236663
182661
131428
150810
170729
163928
160742
140958
114036
116081
145329
194471
230343
222407
190752
174306
148728
110027
93825
144557
226817
265719
229125
187367
168045
172848
190658
174488
128824
128334
186990
202110
173723
156680
134841
103094
107060
144275
192964
228894
214549
163676
145924
168519
179340
186221
196554
170050
129184
136870
178401
214141
202464
166771
165973
175770
165718
169401
196394
199884
176009
135576
130043
173003
198277
149643
76265
58845
105297
195563
264959
243874
162648
166795
265141
308343
223549
111559
113344
197288
212744
151403
117674
163904
183784
131331
114557
177919
211739
175160
117095
84306
128024
208278
214609
149522
139705
210877
250118
229945
190963
163380
161976
190172
228969
238246
212234
168867
125976
76172
45690
69816
125792
196331
234747
197678
154225
152431
166693
152741
145318
208455
297163
319669
235210
155385
163050
202514
174958
103694
100183
127995
127746
125056
161786
179670
166182
155834
175015
196953
201988
181094
153894
158123
207729
232321
210203
164166
146910
165791
198627
207634
190162
188654
201116
201199
167790
111164
58522
73704
126160
177229
206579
225614
242117
237895
205580
139941
91119
117243
170502
183872
175882
173631
166824
185327
225909
233543
177112
143278
184540
230141
205118
155282
137116
149127
142058
129734
129035
137842
173142
185424
150674
125766
149784
174332
172909
198627
226203
217927
200546
219863
251907
235396
168918
129734
131156
126140
134146
144717
154116
178483
205958
200368
143110
115588
124372
158122
168292
169099
186382
222297
235040
188492
146731
168195
214120
213029
196848
182920
160545
147789
165528
176982
181031
195493
202827
189972
142466
99925
93292
107216
138296
162746
190712
228103
238291
202467
168601
150041
137981
167963
213163
240490
215572
157904
129786
138446
145453
130132
132013
189943
271658
281167
218282
152192
130122
139990
131098
99402
87159
115752
149406
161150
160885
181611
216844
221051
218687
235904
245066
219787
178750
159170
156198
129703
83641
77065
145588
222008
211327
167349
175405
212353
191344
121264
108424
141558
145890
141795
181278
252959
295648
261646
201107
173518
151780
118322
120083
176687
230121
239871
186749
116803
76985
114935
177990
194929
157611
110336
101686
132941
165262
195233
212643
201687
166384
175548
215602
225944
223379
226820
223226
166329
95204
77822
142101
220403
227147
162344
103023
115908
186816
221476
162475
104491
117238
158331
171548
157898
179570
236849
267578
241230
196035
155824
137601
168377
190850
190295
191456
172060
145838
116774
104765
135632
192075
222124
182605
143491
168557
219157
211327
170535
144391
123564
128079
164474
215707
235661
197615
161001
159078
192040
195211
144264
100384
137189
213293
214540
158735
157259
194069
186748
152643
122028
137557
169049
159799
123371
144266
221453
267827
238622
146047
81860
135825
237019
256294
164636
114029
169354
212842
173819
137928
145868
154287
153847
179261
242262
274848
207630
107961
102253
149585
154392
143095
156980
191637
200662
204185
207358
198227
189128
181405
177621
170671
150325
124724
136339
162705
175675
160518
154414
181823
203222
186890
137315
127049
170595
212077
219552
181249
155317
146539
140851
161109
207269
230236
205142
163387
122963
101885
115742
169705
205071
199234
178074
190577
229002
214030
149070
127423
168606
187785
188602
190351
160730
132421
129962
158125
183356
165136
135610
157876
204752
231249
238479
203195
161540
157910
148994
117244
120767
196677
242187
215507
174816
191230
214255
197835
153748
98339
80455
119164
198356
247012
218983
153823
128388
178569
208176
183620
142904
117803
152132
224447
243586
203540
154506
137268
138929
148574
164615
164452
155236
149428
174560
177715
168169
184601
219088
219324
193093
169834
160746
182216
182074
136156
100760
137010
222511
240663
183717
139577
158196
213681
217844
176472
121087
115686
158950
187805
152354
111128
107453
117559
139380
200607
275769
292074
235106
150910
103271
128797
166933
151829
113556
112492
172617
248540
277809
239915
188418
158798
136458
124526
132199
140666
155074
181481
182686
160621
159168
167816
133920
113084
172996
256331
244259
172369
122906
133081
170400
217979
248919
240515
191060
148756
162173
171976
175743
171141
170182
164601
151228
156149
175698
160056
119773
109401
160861
204173
214284
195894
184870
196489
193736
157004
136818
173310
192928
182982
202140
238070
194970
103959
110090
203263
244560
168459
80360
87445
150557
177446
185935
197584
209059
189610
167701
182226
201804
203057
180384
172316
197228
225214
225331
188072
146959
133202
143841
134397
98138
96415
122679
173987
230838
223705
151598
111109
154840
184366
163046
155792
204603
262174
242258
177738
176320
227498
240117
174582
128368
147465
177732
145189
90195
59679
66788
144152
242718
276395
235400
193895
182075
158479
127830
163228
221429
229346
223309
259786
306277
301983
238720
161107
157962
216407
276445
309112
295249
233517
157398
133678
158393
160363
125854
122771
176855
246077
259661
200834
140345
155741
225634
269393
267316
251272
238759
212984
198686
210582
209650
169850
132120
141597
143025
128180
154119
165697
111983
66869
111291
226588
317007
320940
262793
182004
144594
148116
148979
144905
181651
223660
223624
221701
202511
149939
111284
93597
81783
93588
157970
212694
203181
152269
143842
198284
236186
197121
158975
185932
222539
197735
164199
154327
136090
121281
165640
228684
204988
123519
106227
140629
157230
173226
194362
186597
171164
202692
235760
193705
146908
166077
197126
160053
95755
87640
142480
196264
188578
128912
114805
151974
175615
156155
153763
170746
167265
164075
189985
234053
243104
190892
149921
148763
148720
157754
167241
187202
207550
187204
129624
81168
81486
140442
191533
155984
85607
121169
224883
241170
165914
142556
200693
225335
200580
182699
195852
193740
179796
168503
140505
107425
88611
88517
102876
148023
191134
198099
174113
174472
210927
225596
167068
82951
62519
144105
245222
254884
209376
192597
193756
176417
156582
163943
170365
143995
88765
75436
105594
129136
153083
178355
167466
130495
155963
226627
229482
171818
169686
210761
212844
206031
218358
201516
159194
146535
172699
160371
121749
120291
131585
140896
158410
175591
166964
153521
131974
102406
102018
170757
229540
200835
134136
113046
153779
226869
269267
247441
171302
112378
147639
218246
215837
150253
135478
188152
236541
231026
167245
107564
68212
47963
98376
174319
197538
181323
175731
173997
183313
192285
184535
170235
166475
182235
225527
241998
209800
161339
122578
116473
141186
192653
213377
197434
150532
109438
138432
204705
192261
90123
32996
96609
192498
249030
260571
236167
199661
181532
158738
123758
134677
179470
180805
166494
199992
243062
225786
159868
109943
77488
63577
94350
172736
221026
184327
135841
158941
198022
179832
167075
191265
223313
234421
209077
168845
175137
201248
206951
190449
133335
80008
95105
140087
143716
119833
121695
143871
152303
144956
166333
217833
225030
166936
111949
124896
208484
286363
294198
242742
184327
144233
108583
114722
149426
133371
83320
105095
172717
209976
197773
179135
159690
140168
178440
244595
251609
173079
110329
124452
187552
216379
212766
218929
213740
169825
125491
132922
133657
95687
74889
118255
216554
280636
238714
134673
98300
140043
169109
167790
164849
193667
207570
179653
166020
204675
225626
202420
178503
153471
165333
200432
186063
136611
97756
107291
132123
155585
162147
144495
138656
189188
266198
281976
212158
155552
157618
154404
128249
148370
198669
190384
155770
182023
204184
153691
126476
169499
199278
151408
107765
152641
228257
221039
178902
186588
180235
138533
131821
176423
193354
168513
161429
201326
213559
154157
87020
84423
139861
196059
243237
278423
245922
181369
141272
158181
177781
152761
107138
80192
105929
171710
231199
216719
152961
142947
189176
199294
181193
196181
218938
202383
142278
91709
109464
159309
179783
195231
238194
263665
199776
90665
40075
101421
181537
194380
190709
217101
221042
177529
172129
204805
199037
136251
95971
153794
245724
249843
189181
156060
157029
139132
138869
150816
141649
148671
185235
181142
119985
90330
127678
180647
215313
221906
187362
140311
128808
186197
260580
281159
217143
159617
168271
183308
147865
90206
76419
139487
207659
192279
130929
132061
179349
197486
165851
158873
216953
241876
202591
138970
108623
125500
161996
179763
163068
180260
224883
259512
241038
161050
88483
81809
156545
203800
168411
139610
174388
211984
221230
208935
143910
94634
138887
218208
221290
153158
129213
158435
160193
117216
104439
169195
246380
239422
162797
144304
202743
221147
185594
180219
203118
203104
159982
114610
126228
184287
201037
177452
163159
142906
131911
135002
135419
138983
175895
228720
216428
152809
133137
207866
258472
230672
173810
158695
173833
172389
165174
189179
215273
179723
89382
35680
77237
182638
241634
208481
170127
176886
169252
135820
155549
210278
228244
210715
196637
173559
144720
166593
206937
216879
202815
182841
136219
92321
92354
138989
164175
145101
151292
206911
225026
198356
174512
186314
190243
174860
157365
153144
198364
246331
220489
134236
91744
124274
184950
221293
202613
154967
151508
187130
176992
138725
123156
129214
121636
138516
194317
205735
164339
154482
205074
241013
221850
161625
106582
107065
176708
248200
250871
168991
80346
89019
179001
227731
194613
172357
195668
200947
172981
157831
164797
132006
73105
72850
134277
222871
274447
229491
144376
102911
124726
189193
222665
172209
130072
186480
281009
286869
223577
163545
131896
101042
85697
110837
167058
184375
166040
168957
191887
175029
132844
126452
145162
173572
185679
184984
195392
231110
262231
243617
190705
144038
116012
104985
105358
121994
155271
213639
262056
226471
149550
108395
103753
118634
135660
160222
219442
279711
279740
196957
125347
99914
93318
105708
132009
161130
197832
260405
293463
225267
135739
128707
174124
180841
172181
169958
182106
210219
198103
145759
125185
132714
142923
164205
172738
136847
96899
122711
211948
278932
265047
214284
172229
167108
166445
175534
202614
222518
192520
149194
133512
146133
138833
95598
96501
132508
148369
158274
209940
247470
200617
159315
195777
240372
216689
139603
114523
161176
206065
215361
186937
140092
128231
162085
194322
178510
164178
158029
159394
167193
170237
174277
154556
127727
125978
152867
182836
212496
224504
210046
178118
172773
186783
182693
166437
178022
203559
182933
149048
171380
195680
174543
129642
132420
178295
200139
150924
69917
56066
112798
187444
237430
251723
222200
205163
230965
224087
159085
107214
118045
175042
211942
226837
229744
193577
140951
135745
145641
118226
124682
168669
205042
189983
139297
98484
100619
146885
214280
275516
295326
249531
192224
134515
75371
76409
163185
242659
238228
191909
167157
171976
167137
127717
105278
126581
180992
234322
238419
163478
71825
64932
150865
241762
277201
265533
223796
161818
113114
129534
166215
185214
181167
183482
213365
230220
177289
82009
44291
115292
219733
265306
239628
174005
104532
66003
84477
157886
223939
209162
148471
163210
234771
272393
239102
147460
89225
104173
170545
212204
201013
198143
217683
226572
193379
168303
167184
131075
77872
94511
157488
171476
138036
119280
156353
214597
258986
241214
176218
150885
169856
176288
165041
178850
227634
255575
228450
150273
91588
89500
125119
152446
178849
214550
203555
147066
125425
133264
109300
93194
149922
246225
277928
253573
234515
220087
183335
118726
76882
126150
223944
255260
175943
122657
145129
191042
189274
149423
111278
105560
135256
166814
209474
218125
173442
155113
203382
250546
212434
144064
138683
183696
187730
164956
155470
171037
208428
226554
192998
113713
76955
100004
152076
196831
221495
230404
211791
149364
66416
44351
124924
217993
234775
178696
139514
193070
281998
302470
233307
147730
103026
136422
216511
223898
165479
111383
112084
115612
84010
75593
133062
203899
232596
232358
192889
163767
196192
246302
230028
158098
128049
181512
225608
177864
106519
131047
195531
210159
172471
113938
108715
175390
220127
206268
186531
175956
174277
166439
151964
176410
217059
202871
171909
176438
201538
209519
170207
108294
92842
121658
176947
234632
257114
212234
164068
168364
171243
155864
157956
162240
158257
153340
171898
189853
200480
209705
180628
146354
128450
129676
165735
200603
214302
204816
180015
168652
184669
201912
190354
165959
177297
203248
198117
140645
103530
106745
106921
136663
198042
223435
205610
186445
197851
219935
201921
167338
142342
133228
134089
176656
221897
238053
230099
197880
139050
94681
129912
184781
166388
111474
136434
230542
278756
217158
104164
68319
118883
192028
217545
207151
187948
180171
191970
172082
157359
181300
192425
186743
199913
230489
226635
158126
75268
58426
108012
158586
171713
152941
131595
149519
194240
238342
236232
199904
171750
172731
211473
249038
238256
165586
89557
78745
153546
217337
177767
116139
124650
168562
171522
141433
147517
158771
138964
113933
134655
188141
224278
245998
265909
270446
259615
223897
165279
141713
149204
138609
111497
114569
135584
149409
171215
163509
118964
110261
144018
191447
222408
226927
210485
191547
184703
151752
123220
127077
172442
196607
178565
197409
244789
237967
181413
121257
72181
66161
124552
218649
256877
221654
200284
224472
205379
139424
121007
164898
208157
211857
182194
171786
178573
145119
102345
133008
203173
192062
118201
81825
108420
149879
167210
172292
178099
200741
204214
175291
184061
241911
266121
240199
226309
229592
211476
157521
70946
8875
16074
71832
142220
192392
206816
212245
217069
185900
159520
171377
201302
209707
202231
189100
201861
215302
207189
196166
184471
139221
81330
68572
104379
167305
196090
176013
135094
115581
148416
192176
226901
252287
235608
186160
172957
210510
237182
202573
122941
65818
82500
165035
229891
204879
151729
155615
168234
157615
141609
147812
165169
155181
136130
140086
171687
185291
164403
146423
190800
254416
274464
222549
148519
156675
230025
239375
150442
72349
92851
155435
178659
171387
188469
200465
148048
85669
108686
167792
166670
141034
174882
239498
243607
217552
200906
202704
181260
136435
138470
168249
180864
191173
215928
226852
205264
171920
133674
77800
54943
136136
254240
254539
149569
86024
144029
204507
197986
163911
176756
235681
244336
216884
218546
231043
183454
87431
42200
92185
191151
216296
151153
98126
135178
195861
211594
179613
133808
134873
192040
221435
193629
166658
193131
213726
178199
160243
199723
232429
203337
159521
127339
134666
174202
190715
145940
111478
144146
175407
188923
178441
158365
124172
96501
120989
194807
247145
243936
233130
234291
232641
187689
116437
94577
162020
244715
262603
218759
133921
60917
41684
88728
147618
165508
181230
209006
195877
151737
138169
183312
212416
205149
185398
195098
232358
244118
213268
160841
114044
114279
160014
190677
167126
116527
115729
168955
207748
166526
113828
107562
137898
200028
232201
204842
197088
238263
251264
204170
131663
84093
123690
214163
226855
179555
170528
202119
205432
160702
122707
131359
165873
157177
108619
75838
123095
214987
227612
149220
89327
138218
235104
261145
235511
232049
233986
228527
223180
201693
169865
154597
131700
101238
101661
143700
170764
144616
109546
112422
125902
126405
137766
177033
207233
217301
246695
281646
274600
228394
186231
144506
118429
112143
115985
131317
170369
199911
208338
204275
160957
114193
89734
83051
105628
175448
268269
307808
252803
180857
157759
187314
199926
189136
180525
167000
156477
168160
185715
197941
212781
188616
140374
98352
77772
95355
166643
213083
187236
180880
228836
248002
178245
94307
85249
160013
228802
212177
153199
140916
206184
273179
266474
200063
134937
89317
92241
140865
195290
196114
154249
149995
175781
159697
118321
147848
233792
265350
196184
125258
154146
227051
218285
134423
88663
149821
247664
268589
173616
72889
64955
133172
207117
222447
161300
98655
136889
232279
270436
232015
185890
166726
165742
160527
130960
102309
133690
188817
176115
140636
163750
216124
207456
165457
154380
162240
184428
221177
206685
154448
136353
187913
227391
223175
206674
169066
125633
117747
168086
182924
131728
112410
140620
181607
182668
144974
148209
187875
228075
229276
182120
137133
164707
218112
227999
214822
181892
166593
154784
143558
134193
137814
169269
198845
179542
152947
162643
159490
122889
107615
148509
222344
247411
223987
209343
231556
248449
200368
149299
131579
145118
170918
170507
145585
154751
199437
205729
163780
105781
70923
82504
129288
190903
228837
211359
169089
168223
200187
215531
189636
180421
190987
188391
211121
245047
210944
124902
84082
123681
152486
144381
145424
182813
175173
125767
150444
233748
237220
153600
91007
129858
237176
296844
235312
150736
130415
145478
176097
180789
142161
119689
139724
151896
155416
161494
183568
203785
212415
203734
197789
201037
195444
162924
126712
145330
185944
209080
216311
178043
110143
98819
160096
195740
172705
158345
167786
205145
245579
240147
164686
98136
118897
169949
177786
165385
170409
192009
191412
161215
148355
163479
199313
204676
168530
154189
165566
167763
174868
186870
193841
182303
168347
180460
186262
155484
137874
146203
152916
161017
199626
222716
216980
190060
177852
196859
186388
137372
98748
116944
170685
198520
187525
193544
202705
184707
159845
170460
174321
141707
121569
141410
185373
218556
229304
209134
169778
175000
228284
255988
215136
124069
59196
86482
151639
152742
112739
143882
220432
241737
190338
158184
163139
144291
124566
187142
277207
272485
188261
146042
155221
151714
140672
156496
184579
207378
207532
181622
184721
194287
171519
120157
99193
122612
161220
188685
206545
198427
184315
175880
171106
143471
103384
125014
183837
232425
240553
231153
220660
199237
171208
127123
93147
113932
148199
181235
226354
253615
230044
179924
145551
106192
81551
96509
130590
165219
198392
248945
259986
199768
131266
140054
205932
245851
230849
169405
119876
144507
191296
199848
165736
131169
123478
129072
116922
95248
102534
164929
219957
240436
237285
225857
190968
140485
124786
143680
190450
227540
229934
210991
196638
208755
193304
135110
95683
124058
173115
180063
193176
219606
193734
139017
132881
141498
130573
111206
107301
152300
207159
235848
236136
199331
172887
178571
206235
211571
213479
226591
214122
149706
89473
133957
222472
206876
107087
63526
143015
221736
221899
191609
159103
160450
191636
185821
135606
135468
179684
184522
168850
182714
226892
221653
158069
126141
152777
187410
209344
195675
150014
145766
167175
162801
157934
176784
191251
154628
122417
153628
199616
175929
134114
143462
191905
228754
235024
223615
208345
189978
149503
114874
149332
219755
221587
152367
123744
162977
177471
136133
125883
173527
208914
182364
162641
190710
224179
226766
186457
155430
137462
112149
88802
100497
152762
216843
245457
209520
175235
187748
215246
220847
191791
152142
120935
114005
154184
201026
180599
124988
118652
167587
193551
152831
98725
118401
180046
203301
211106
203801
171925
167809
190566
190333
180340
198295
241587
237459
188778
146213
143806
161555
159305
148253
140405
126564
110357
137683
187221
197493
180001
175582
164417
153329
149215
143889
138823
152771
191674
247231
284062
269780
206041
159675
168053
195326
192313
136480
81647
100011
178760
219243
164124
88531
100706
163800
162205
116643
142015
194215
184290
172086
207735
258830
273765
235524
174083
141511
157764
159226
126834
127307
166094
170659
151295
150822
162591
155633
116794
97132
150643
208930
218261
185880
157682
192500
252088
252824
169288
95767
140081
255953
301419
217144
137380
134369
162620
147407
94910
78086
129129
190868
186513
167357
158616
141579
144775
162885
195811
232478
250295
214226
166485
138492
130060
172878
211640
221077
203782
185310
186184
187218
169222
106060
50082
89610
201305
240247
185360
126133
142391
208290
235288
195650
132586
136027
191599
209673
188870
183189
165206
106307
76094
134751
231500
283243
257574
196290
154249
152155
161220
131505
96550
97778
142247
205534
222830
203645
168816
136807
151584
179213
166384
132591
129297
155847
201536
238513
246814
251903
242074
175672
102821
99175
152705
183389
146315
100827
136136
203543
221794
163278
85366
97458
205186
287846
258505
158711
91103
127794
211956
218286
174707
166141
167422
147725
164425
202979
208616
171221
150266
152531
162890
192101
222025
224661
196648
168796
161792
180693
193112
142686
78860
75032
143388
218447
203004
126087
106224
158675
218148
246262
211303
143426
149285
237583
290870
239081
159922
137003
155590
134172
78584
69728
129035
198781
224188
193669
157330
144399
149776
132948
122660
145456
196241
265958
298650
265650
193094
137274
144340
170219
176264
154428
133367
156051
213951
237706
174956
92299
80531
122091
146415
160984
174026
181131
210342
233026
227796
206711
189344
168499
170546
203190
199082
189124
188381
192958
173095
109845
69673
122440
218493
226065
178534
175175
209792
199528
146917
103197
110274
147829
193904
234704
214530
163885
177152
240398
233908
182654
178008
176104
138726
117805
142408
179664
175084
136242
107592
121713
183398
238468
216556
152784
147685
190919
182911
129085
112855
140388
171229
215660
250314
245871
212794
161953
141180
141172
154593
153032
122915
114421
148741
199157
242866
265875
222053
167711
172570
200901
180843
120501
87600
107266
149613
179377
200497
209566
196218
176668
151143
156377
193850
217586
194742
132387
92904
126484
193987
226035
213348
185825
166650
141305
127531
134109
164692
199524
211105
182066
153192
155586
178112
190462
161737
122366
119061
156046
216702
233477
204764
185239
187699
187015
154067
108692
124479
194612
223343
176266
120836
137668
192126
182475
132875
126020
147849
181184
202869
212223
211449
222624
239414
189450
88107
44557
130725
221958
210255
160747
176810
242577
247394
206094
165086
124894
94475
124567
197678
231645
194098
165617
161300
135510
104327
127916
162015
175085
190353
220402
251093
230350
170716
116605
135861
193866
230194
215077
193996
196568
180337
139772
104858
99648
112300
160826
211390
226786
196302
154829
164311
205565
212282
166370
154959
179420
166753
156420
184282
217274
182678
113813
83353
104343
179070
248109
227095
143989
139882
222133
270148
208760
125486
98116
114528
142764
158979
159413
157509
167132
172698
182327
222452
247038
207038
143179
151129
222268
237134
199381
167852
149793
105694
63665
87266
126864
126422
120613
169082
251228
289403
227752
143050
134595
174534
219139
259247
265805
228916
186000
135183
80862
68008
130424
206715
216460
161359
117844
152223
218414
200430
114591
81154
161401
253016
245832
172750
132862
142651
159141
174378
213269
226724
187472
147973
161349
185647
173107
161445
155310
148851
146975
181530
239784
225406
132752
83527
118880
192111
212683
163863
113327
123612
172127
226326
249597
234128
208524
169837
137587
159609
213857
198895
147318
124861
159114
195883
190466
160494
145284
133028
107154
126659
216633
292731
261303
186750
144383
118888
98608
115004
184921
230064
223494
232709
253772
206732
129016
98582
105266
146821
182713
201829
209539
178949
124963
108017
128738
146623
133644
117906
170462
267983
315568
270282
192879
160401
163442
141124
96499
87881
125085
158775
179307
184247
199497
225848
216733
150069
110889
160829
226639
217350
179955
188121
210494
176037
112999
111246
162343
170486
139737
127284
155237
187374
175794
142933
135418
177613
209145
193128
178740
229773
305761
313713
241820
130491
60382
49919
65099
85891
114891
169672
214824
221042
202256
180347
171332
173553
174302
153543
156984
198378
203528
189099
187922
201612
179243
128495
110687
135752
198894
227522
191860
140336
143464
160786
165102
177821
180971
192944
226270
247555
230898
181696
108080
48309
72598
128665
143141
156152
182469
190157
185910
193464
219515
245158
242172
198341
132970
100150
143029
186680
161724
123992
162561
241762
239529
157293
85946
113020
198053
242024
194686
142585
142558
152024
175048
188522
194466
202737
184887
146199
157554
200628
206750
181169
160542
140814
147411
170503
176022
185339
189034
163024
125373
130334
186631
226729
213831
159128
136258
153992
173631
186226
196912
191263
188914
190465
172910
172927
195132
184233
153051
159244
177241
178983
154187
125868
142118
193605
226979
192567
145264
159589
199216
173297
125454
123367
141674
148829
180241
240300
273538
247491
160119
74588
63794
129683
206004
257781
253122
186676
118242
135769
194922
201231
135487
84261
108213
177978
217419
204781
191722
176546
151839
156240
181127
203877
193288
160053
156885
213958
248018
194413
106513
60054
98578
188740
236677
237574
226802
225887
225577
174943
96407
66713
114369
166631
171606
162999
191687
239701
242982
177227
133524
147800
189471
188310
143865
141877
178208
206181
223604
234298
197997
127882
102147
131519
159801
155870
144842
175058
201762
185701
174924
178011
191035
214026
197499
144719
136688
212418
250611
179409
79367
52735
106920
164791
191823
187962
197842
225503
251132
249718
191018
140346
123341
122604
154672
190332
206696
177155
129280
135689
169799
194832
202596
177835
159776
187603
226670
223671
172493
135045
127216
129103
131250
153456
190182
217874
217058
201991
190859
173130
164340
145958
116886
111977
155873
233447
285100
253588
176891
128416
123082
146095
165402
157674
119941
108666
135897
163630
180891
205474
226603
196741
163854
157067
155368
173905
232586
277801
241880
143347
82401
133548
217587
208912
134109
99652
157933
212304
183117
138990
124675
123363
125193
144656
197895
261319
290249
250192
156839
83387
80485
157155
235786
247223
184062
144125
160476
187161
179591
154074
155258
162738
170694
163135
163490
183873
185156
148503
133382
164407
194510
213900
205497
186107
197701
223982
221275
161926
127787
157679
204819
201330
172443
165455
163174
136696
105652
109440
159612
186689
156508
109490
126467
215782
281419
261732
170496
112292
126106
186254
232189
201228
156273
145509
176459
186400
156190
151005
170581
158861
140410
171679
210354
198625
179795
184039
156818
131110
163838
203984
212839
204785
175590
136273
125555
153366
163883
166110
168753
160163
139803
126091
139049
166588
221246
253956
246080
209815
176165
156610
127439
113426
117628
153730
209594
237525
212893
168201
140812
129678
103455
69457
75320
136809
190506
192460
180780
208026
245440
223974
188860
212841
259167
249691
188281
138361
143891
173739
159003
129475
131264
116752
69517
51629
123707
202108
225037
197046
175144
192977
222610
235820
196646
145350
139270
202312
251465
221956
164401
140923
143562
146952
139623
141035
140271
122402
121418
177292
249911
236631
163499
108023
124042
168428
212387
231168
217538
181355
165881
173441
159319
135388
147599
172595
180328
191801
213770
191281
120743
86150
154955
246997
239252
160773
128352
170382
183343
156648
153208
196543
226666
203787
172142
172009
188228
156060
123211
145546
185478
164260
97109
75048
141928
218047
225360
214491
225850
226492
201587
167408
132347
113184
132576
189672
233774
205559
145216
149248
188850
168275
133525
140138
148665
136842
142593
177114
202020
220669
202888
137150
86993
112013
207358
263711
254232
204297
177151
180598
163595
116250
85632
99232
139766
214455
273820
258027
189898
135157
123427
120484
136153
171898
174777
173690
197442
208531
182661
170137
206805
221674
211245
213942
215963
168367
125901
123178
147305
158630
163871
176324
186467
184859
164386
126346
118429
163065
203191
177672
121371
142092
223849
269984
217699
133737
131166
173750
169499
136990
141499
196419
227734
221740
197746
169650
150628
168650
203834
167334
96876
90383
160136
195692
163307
127390
134510
184876
204296
189090
190246
192233
180733
204310
247232
225156
149431
111864
129368
172342
183673
187866
190863
198238
201455
178923
138597
111264
143623
176227
164178
136332
138308
174296
227675
246728
214886
190319
185701
191190
195959
166509
127415
127266
149062
145326
140385
148797
160788
199825
245759
225753
168611
161410
172919
149058
127528
146244
159208
151133
147320
157233
190596
229162
227595
174469
124059
151735
222263
242131
175774
101445
105675
145975
163771
191437
236576
223999
138739
98642
156331
224364
214652
131500
74641
120987
202243
232161
186389
126591
140663
201873
241419
245674
227014
177940
116447
124550
194148
222198
199739
184295
187280
168387
131409
136841
147103
137088
121468
150002
210646
243516
203328
107600
48224
86630
192255
278483
253644
160634
136308
222733
297741
266567
177876
91965
50459
104012
184851
188553
137718
108743
117564
147032
170668
162205
141007
162952
206281
225769
208982
189042
211436
246358
226578
157737
121042
135365
172611
205359
207261
189714
156483
136631
118598
107699
117732
144287
167446
171650
197764
223411
207148
178608
189653
189377
142221
125399
199065
267074
270562
228355
199517
203053
177796
115897
101405
137785
148264
123394
130916
137200
101932
79400
136619
234301
277455
253382
191632
166247
203204
243847
233257
152616
64911
54306
123722
218219
252382
224862
192276
154460
137491
136379
160649
169388
156938
152444
185118
243986
239700
190674
153250
157275
162374
137721
122499
154293
184505
171358
156981
190191
205675
177772
139977
124663
146893
189413
237280
234838
207005
178274
171923
153328
106125
89666
151963
213199
220248
183295
141435
127493
134817
152202
167108
174924
197191
204846
176241
148987
185056
251617
250745
174215
123479
152230
190733
174062
149731
156689
175541
174791
150200
140018
150925
153828
126851
103469
149222
215938
205881
171787
201176
241356
239917
210323
197042
200386
172703
123576
102079
128645
166520
209047
226444
202123
141882
83138
66495
88427
139239
171834
184985
188373
199020
221244
217742
186699
168862
186061
182086
133834
123819
176489
209391
191849
149247
108103
107411
160650
222802
239906
192924
133215
144501
195466
222357
215352
166476
143386
183072
220755
175200
107199
126587
203201
221531
191992
156580
125097
112545
152100
181074
151299
131748
182163
232298
218862
183723
197883
228230
183361
101918
103170
203744
285284
245170
130757
83729
132422
168009
154638
129242
115375
152645
226530
266446
233468
148916
87359
102074
182700
234469
229520
218127
207623
192761
160294
149847
144002
134520
135516
143271
140865
130369
146832
190028
220933
224820
217262
205211
154965
86256
91139
159838
207777
218561
224038
230929
223445
199401
156307
135797
143477
119736
83304
100088
198584
287655
269587
155551
76232
79461
106749
122677
146710
204473
284214
297963
229463
145563
111670
131778
169973
220464
248129
237614
194808
138973
91016
69109
87425
157085
225815
200152
107940
92587
156539
189543
164726
161706
209659
263947
275264
231780
141840
67269
89986
197005
275099
241974
171269
145440
140890
151562
174860
158569
111827
127931
201317
224284
209359
209373
202919
139986
72633
77303
142706
198750
227930
250143
255779
233143
198989
167069
140319
106425
85809
109829
173745
220932
209437
144788
103898
146874
195033
200334
193648
196008
182689
182843
213647
216673
175349
133579
129188
141906
158893
200600
238661
208614
142129
114328
134161
157418
164333
138757
119862
170824
259220
286267
243865
193438
145808
108067
130952
180087
199481
173289
150863
142897
129766
150920
206507
223340
168916
130622
189716
270059
273743
183769
89478
76000
126681
176589
191497
192135
211179
217828
192866
186134
182321
146176
119070
129578
163007
206559
211958
173823
133286
140952
163935
183908
197955
167398
138342
161037
191312
178166
171433
173724
168870
186686
201256
216376
228698
218671
162326
121868
126238
157390
173071
175981
197848
201504
181750
149113
126610
140877
154474
156794
188341
228188
217740
190114
169022
162475
166524
157308
143492
147825
190100
211512
165223
96157
88873
169173
247228
248708
195330
145642
136567
150016
147680
158821
210206
243668
213673
170550
151423
136310
105061
78212
98856
160446
239186
263503
226260
172498
144194
140868
150838
172205
183501
212070
246443
235856
212789
175916
133303
95052
99051
134498
171202
175768
168338
188217
176237
120752
100635
166961
243654
253506
197903
166992
200292
231232
187729
109542
109006
163564
209873
210241
165484
143736
174924
214480
187903
160411
183642
173602
113898
117184
208941
270313
229246
174373
169084
155921
114564
102041
129116
139825
150074
170235
186238
231455
273579
246747
155605
122984
171342
184522
140056
111362
159611
203231
174864
119546
113691
149106
190737
203272
196304
186024
164148
142658
166229
231408
268180
243172
178100
123014
133181
181806
192341
132369
87566
124946
180555
197058
181791
170725
141971
124100
129208
146817
161303
164234
177948
218350
252583
255762
248350
231335
195191
140083
128794
154353
186631
176816
151064
138124
149932
155799
142175
119979
124470
148192
150984
167578
199294
191845
152706
143180
