202205
204400
225717
245714
222401
186424
198165
214083
176680
128216
161882
280693
392422
426686
369639
286234
256806
284124
310327
284758
209356
122410
73256
110982
203518
247632
208282
163024
209619
327623
392774
349079
287986
282250
319564
372460
397338
344707
251719
208527
210467
198172
182710
193054
223037
259448
281024
245940
159707
123440
177722
270403
350810
384578
339837
228318
133939
120341
171429
236438
290160
325364
352252
372256
344890
270061
230224
253875
303028
340516
319422
259322
220162
201780
169556
119936
92904
116503
188764
268743
327535
348817
336747
310492
278229
281120
330375
375837
351823
282962
246170
222691
163090
96356
107199
184743
255673
284687
258710
222650
214866
243141
276848
291710
292267
294306
311533
295666
227498
183708
204978
262948
320669
345500
314650
250180
199025
188436
205963
207770
177498
166761
204802
244753
270943
299958
300894
259251
239411
263686
301152
338231
356296
338448
268974
174083
145805
210030
271010
277629
268008
259429
250388
232336
216096
218401
246030
299728
346104
350594
311650
240447
184368
191054
212287
188495
167364
186828
217185
260578
325054
370117
338331
268438
226411
234149
278023
293763
265495
244515
261875
274839
226821
165427
178215
256798
316840
292324
223582
204116
256003
314490
294683
217295
188240
237370
276968
267466
258661
252826
237084
216868
211721
212589
197220
210070
258306
305512
316747
291996
274941
287561
294272
256599
233525
275344
308456
266888
219168
239610
265403
227826
180811
179408
209692
242929
271802
288577
299979
309982
313887
311308
308605
298246
282491
279652
258945
206309
176675
190740
228419
276305
313486
307693
237688
160605
129276
132327
170833
220246
236561
245268
269237
280142
282630
292421
315774
353136
381855
380090
336584
238560
119498
78277
126927
204036
272945
307202
276124
215471
207336
244750
252690
230855
221993
242723
261326
244532
212436
203581
255574
329342
374802
390569
352311
257410
170578
166207
216535
241147
234691
261264
341387
407706
404248
340407
242889
170551
166564
206428
218248
172280
146489
169639
193582
229498
305404
385961
403800
335315
251839
227374
234231
230909
202590
148677
111035
146329
220171
247450
233238
250897
298172
310363
298568
290920
269614
236299
227159
260337
299012
334550
377044
378284
327514
288120
282406
244003
150342
84344
124445
233300
290903
275298
256092
267398
286398
266400
228224
209286
226895
280256
323057
304186
237632
196353
183474
159442
167083
237169
287716
256024
195910
172591
195548
251705
304741
339966
371520
395552
392885
348905
260932
172095
155526
211761
258068
230000
180405
194534
260760
313407
310845
245708
170598
170967
234278
273629
274038
268525
278813
304471
313667
292644
237522
170078
163197
215645
272879
297755
286345
245588
196208
208468
289959
343259
328586
307317
306680
274871
215739
172323
143284
127419
145244
224319
311882
352620
366779
353188
321092
290201
259382
253374
291706
335720
302822
184306
80661
96604
212758
292301
279990
224585
207152
258716
298149
259024
180417
152232
220857
312025
327416
268343
216550
247537
346029
421611
389706
288193
203012
179791
222397
263855
261084
239354
230746
229159
200747
143401
123159
185982
275215
295664
253986
202615
167376
193222
287897
376760
391636
350474
280148
189434
127447
157096
239369
286472
269867
217299
184827
228217
339290
432192
440639
374750
271070
187570
166048
197405
224142
227155
240139
240249
191171
132669
146380
216587
258335
260823
284934
326654
326509
286104
258719
292905
368719
403583
369678
289842
198635
169789
225573
272718
243050
177764
160622
211363
244360
203920
138701
128177
204490
296818
322477
318335
344758
356771
297131
207734
168219
222102
334398
411584
367263
217761
82239
49472
104516
190538
287690
379236
421601
399530
345381
297648
259280
204453
154575
133028
118680
109773
152093
249318
309579
304893
295744
282652
238399
218631
281337
371692
396999
319888
186394
91649
110068
230117
353444
388203
312710
201023
160029
183428
194603
181541
212930
303449
359051
343785
298755
250811
243270
297231
367418
383161
321381
235344
170542
147978
152869
144219
132044
174265
264572
304892
266949
246938
308288
391410
389072
295515
226214
252189
322795
349978
288381
198382
172141
213096
251384
240222
183419
140243
166379
218032
223353
205468
233040
292110
296000
225677
168945
188500
270132
340018
355830
324330
291923
301356
305343
275612
232667
217788
235584
228882
180958
132836
127992
172427
255144
333060
372473
369585
345938
317232
274372
230209
214937
253247
307398
336874
318604
254597
215765
232581
255053
259170
251544
247814
236663
198074
160313
187243
283888
372295
386737
306321
184531
131905
162844
203072
240605
299044
351798
352158
304367
255036
226563
183041
108426
56321
74068
171771
298838
345303
278292
206759
233545
304561
320987
312242
345558
391805
358594
237057
119633
87925
170163
303048
361434
327043
274439
237740
232322
274154
331531
340865
268959
160506
96615
125201
230328
318854
336090
321959
294286
239787
181003
165367
220039
323799
409135
400314
317225
229639
178854
163485
161748
167677
175652
190857
233263
290480
312380
280734
245254
268037
318672
333513
328347
324831
324353
321010
293646
256787
223351
177774
123372
95549
115171
162765
209304
245159
297112
344253
339506
323920
347960
363654
311938
243691
245670
303170
313946
260862
209637
191584
177506
166757
176448
179425
189538
239393
296124
282313
204964
173442
229418
282261
256262
203089
211209
260400
283888
301955
344817
358539
326448
304065
277834
206366
134067
150765
232127
299563
337614
334531
272649
211252
223177
260229
269420
275273
267182
218611
191240
247511
334824
368083
341457
292074
214208
112209
51771
72665
147939
247178
332334
376421
378613
329195
244997
186463
216093
295261
344489
356357
347017
298333
226969
174881
154316
160542
207152
287290
314476
249375
189610
220436
303333
360605
365262
324960
246038
184935
195271
214810
179183
156728
210627
261977
249161
235946
267267
281711
244672
198273
179000
209149
293694
381785
380930
278572
198540
229755
309387
319584
250134
170877
140540
191294
291220
356627
314450
205072
157349
189355
230643
266376
292257
303064
304472
311631
322238
318771
304279
289706
278032
249274
212190
170059
110962
66605
71577
121926
190093
281778
395460
470198
444390
336839
252918
266074
331149
339753
255974
144356
82504
93886
153990
236352
290797
280829
236378
209049
227826
298418
373165
408171
415457
404190
347209
268268
237363
250563
241193
187001
143339
126209
108658
123841
201089
292283
332942
309388
240793
181940
199276
273268
302015
260235
226233
216953
194268
189267
223842
268880
311405
350305
364977
315081
209406
119010
106137
193261
329702
414661
369066
231530
128497
129658
220262
310099
318535
270212
266359
339687
387674
359203
298660
261612
276520
316707
330078
267613
174200
116131
96170
126133
180830
207910
197438
191956
251416
354130
401901
374889
338348
296279
223397
159426
171033
260143
355157
380456
301690
168967
81783
107786
195994
268291
314988
336926
325115
258864
159099
98133
139411
241119
323325
362502
333521
242351
164487
191386
302157
360664
308223
241497
254226
319756
358798
314116
222902
160315
166178
226294
284785
304816
281693
216710
146495
146920
219564
262912
227266
197610
229254
259806
240086
211174
222005
289585
389608
459625
447693
345054
235475
204783
242358
278255
245280
177615
152335
159330
138913
92591
80938
128213
204651
276779
355908
442496
474018
420772
333361
278972
263470
243907
218166
227751
255692
249715
238364
268955
297573
262505
211180
214183
237150
236149
219999
221617
254601
270164
232634
179558
183280
236729
275195
295485
307895
323557
349180
334791
257239
194344
203685
231292
214132
173861
191025
278070
359043
373959
328259
256293
206407
209931
241205
243115
181697
100455
99908
202485
312181
344624
289313
226332
234996
293575
338042
333654
267695
160006
88379
133988
271880
380285
365323
276873
216589
215627
240746
263031
269826
265053
255288
255262
289695
332187
315235
238085
193281
210831
253019
274950
271160
272051
284347
275193
223526
201844
259381
315080
283205
203855
196820
278779
329728
275803
177626
130289
161434
233896
315739
365026
372148
373374
373573
334004
240396
168469
150193
141341
133362
174652
266774
314628
288976
233946
179349
176787
255315
355863
369326
306160
256368
229481
221061
230966
223144
180935
170776
244569
333729
345097
293242
251075
233251
206117
185321
182171
165534
143961
164556
253648
365860
425039
378211
250867
143425
122830
181684
283289
354021
337605
273469
231664
228045
239749
258096
286151
326373
352298
359737
372874
373084
345225
297961
227283
161396
123368
100098
87157
101363
170970
255625
303549
300135
256337
218272
236783
301146
361130
372495
318976
237287
188807
222577
302204
329197
292257
234896
175616
132794
136793
207285
288641
321033
302774
251120
205166
223492
306060
378082
368998
304493
236104
178481
171518
235380
310248
326002
269672
197272
160356
175442
204333
198444
187018
227880
299686
311653
245478
178209
185471
280199
394386
421968
356586
290002
251455
233719
241285
244858
210603
175117
168909
170361
190175
225778
266409
313619
351467
359054
304924
215406
154312
149556
194897
271752
323592
304515
273679
296890
345310
339228
281719
254184
275302
294483
252735
155779
91815
130949
216300
266310
257181
213005
209922
263370
333808
389111
405256
381602
333760
280304
213188
152586
124163
140989
194067
220731
211795
194249
203682
261445
328628
361488
349250
318483
293954
274709
225925
135449
64250
65081
140359
255546
329590
318179
264939
265139
342565
396487
381685
355779
345861
306993
247041
230000
253631
265432
216269
116073
39266
66498
193316
299022
320355
307120
287926
261963
238635
234659
265406
329266
394907
420565
397176
333927
233375
124668
78946
116743
196902
265607
300291
310981
302340
277829
248094
204870
148625
147433
226042
284232
246895
169035
139690
181810
277947
369318
409993
407859
360829
284847
216056
175069
169651
217633
306546
372001
367759
310697
246669
189055
149712
132300
122725
151289
221461
260466
232864
221063
287153
379560
425464
410360
363790
311449
262503
199084
131629
122893
185030
253801
271328
244075
202503
180390
198931
237066
235601
174985
117699
125462
216936
349986
435946
407142
293482
210632
240122
327574
384590
393476
356266
267494
170107
152223
213005
255406
224039
163037
160607
215672
286426
355011
394415
380895
303049
219483
205363
235942
264247
279374
252994
174542
114535
127566
197898
289096
352680
332180
237052
177300
203940
269871
320231
309870
263121
240302
234394
211803
209636
257238
293066
283828
251506
204585
152806
127221
154304
222517
314364
400624
412872
342975
285852
297877
304102
239130
157167
134332
165728
203328
236776
267523
300616
319518
304079
292239
303408
325272
329000
287824
243163
233273
233563
229126
222472
230767
263726
280744
255631
200933
159300
183449
257293
289165
239702
196056
218132
274024
297838
286863
287335
279571
258291
240159
207494
155738
120501
144897
235182
349724
412104
363415
244720
153330
144699
193031
240835
265022
272238
284506
314383
364163
411051
394929
331331
289997
291249
295354
252258
191475
155455
151416
152140
127908
103599
121129
196423
304013
398716
434218
373093
247788
152392
153542
224000
308253
379661
405497
372864
298562
196256
95525
51384
89917
193270
304318
342645
310970
281191
272466
274509
283537
270436
236836
207709
206674
223228
243853
276352
286600
263281
227937
220472
239660
267361
313283
353380
348407
274758
188516
169977
186597
172693
142194
167805
241615
305532
327482
307209
291949
287267
275697
281450
295072
293199
292726
291552
282473
254475
202024
152852
145666
179730
224591
287795
365014
383684
313425
250307
268453
303674
301747
272164
246318
233275
207361
169744
140740
144241
206838
281489
296313
255194
221557
258824
348608
387160
328897
267568
282923
327124
297216
187884
112361
120792
179666
228067
236406
234754
233581
240900
244159
225958
225065
264737
317920
330593
313238
312821
301360
266050
226855
213173
218642
228292
244206
259319
274851
281305
272264
228356
153531
102528
107530
156473
214385
255412
281367
322393
391211
431163
411486
350498
272099
210048
193174
247888
347417
403708
346584
223902
161692
195497
259611
277065
221135
150983
122858
154726
232501
296650
281122
202513
173671
242172
334173
352989
280237
184888
155149
191904
220071
214305
236300
309554
352114
334304
317632
329192
335636
308032
243424
177108
147639
168453
226372
271260
243812
156806
117819
166887
253625
303288
283350
260518
269620
284535
297445
333220
392204
422193
365500
246295
175183
183637
222056
235620
201502
182179
210896
231481
211447
213496
282852
365797
390845
325993
210125
148375
188171
253784
281604
292509
292121
249199
193781
192462
228908
239870
242590
267199
273494
262526
276663
314387
337225
325737
295527
263522
235376
210644
193505
191349
194809
164101
93584
60741
111566
215607
293489
296988
276530
280095
307424
333733
357538
365118
331995
303304
295494
271128
226096
200681
242680
326900
358683
312490
233435
166457
167186
228867
271697
272007
256574
252529
250669
227734
229185
290434
348246
323004
247136
195468
204610
256627
306431
324977
277002
178133
128705
185547
284289
333235
306448
221328
150180
162626
226120
238591
165579
93214
121563
247549
374191
420224
361431
244170
154261
149605
237317
358700
422718
374053
269581
191581
157387
185240
259214
299825
280612
240312
224436
224640
212778
231481
300830
342243
297772
215899
171086
189594
265764
333599
331016
302831
289744
274877
258919
249190
239997
247485
265596
257204
224650
223955
269422
325785
355808
319693
219265
124370
135086
250835
359646
375270
287084
174492
142260
203212
264308
238191
155687
106234
145834
231245
272512
246763
198537
189326
261353
382701
460535
446550
376394
295937
233450
182167
124538
77022
71902
143220
259104
326059
318236
275001
249716
254049
275103
286041
261361
251228
302273
375133
378115
309370
228922
166318
165066
213132
263026
300119
322491
321674
279931
205173
155769
180035
224011
219892
208243
248506
301939
321014
309553
272389
235732
233670
249686
243024
233998
245940
265774
261331
219615
204193
232978
271716
286130
278880
261745
225881
205111
241701
296605
314679
287609
253413
259304
282795
282486
246107
192560
160498
169553
206517
248720
302721
340797
329913
311326
310754
327045
349910
359824
346478
295421
206295
133011
106469
94877
82355
96142
171637
288572
357674
326929
271277
255299
274042
321083
378625
404354
366230
269798
179276
143811
161432
192704
213952
228863
208513
144161
87189
97187
199827
344164
423572
399066
323172
276783
300281
356528
375653
307103
176786
80673
108087
232086
334431
345805
282857
218482
188005
201931
262763
318132
298644
215742
171462
217804
287980
295822
258983
231534
237334
253116
244600
243448
263156
290443
300294
297208
304125
284558
223469
187442
206233
235661
243375
254305
271191
282685
287271
268188
250823
250942
271150
286281
259864
234654
239399
269421
313256
343182
331239
256414
174952
135222
126299
158429
211481
253341
255321
211661
168409
162898
208758
303578
407645
437398
384919
316395
277430
261625
251845
239690
235745
259993
291821
297623
265265
209695
163162
126288
93057
108545
170474
231365
288392
349921
385561
342894
244408
205587
271152
340386
319944
257072
213535
200713
229563
269461
264817
236018
250321
298980
298915
225184
166333
174622
227504
296747
350660
356789
296895
202261
161329
219060
311909
356675
334864
274803
214050
184319
172524
176860
208093
221849
185914
136300
130212
185476
292112
410800
478091
459112
361438
265923
250373
286630
282530
224160
163127
141245
143823
132613
137805
196783
283870
325812
320600
326815
348463
336986
295010
272764
250957
203315
189295
245316
317130
333030
267827
186725
166726
179166
166293
167802
228442
280024
269743
239332
229386
252535
284962
309525
304979
260572
240851
264361
299330
330656
344987
306435
206263
114621
95273
144929
209628
245320
261733
299367
371832
421312
404806
335514
276140
274708
274768
225895
184344
206036
229258
185738
120881
132187
208914
287848
344725
341659
296626
277514
279434
250013
210337
197731
194098
207827
233002
251881
279008
315686
320177
285907
266097
278212
281273
224067
123248
64739
112582
211679
255049
228042
194929
201487
241702
295621
342322
366533
384139
392471
367509
337848
322316
288056
229421
213112
271386
336634
324487
219830
101591
84525
187859
306681
320519
251122
184426
150129
179093
267308
325902
316170
299787
308106
282556
200619
157574
214766
305102
335013
276119
191587
147804
162260
191083
205726
231133
242545
213898
198805
229886
285555
344613
381715
349201
244883
149377
129768
175676
234361
282571
314615
337311
343685
310858
260735
240173
286618
368809
394714
348145
273845
231168
251793
298289
314029
275280
185971
81228
22146
37848
110323
218664
307716
344502
341196
328560
320389
300297
277069
280968
294550
289720
257756
204911
155320
128754
142003
206347
275094
289321
283370
285041
274280
274623
291385
294483
288769
275760
249265
244303
269516
280812
249961
200053
179220
218035
272507
276547
243587
247647
293075
336743
353024
313949
234332
187926
203868
252229
290692
289499
242051
176286
168315
219869
274354
311150
324473
314461
295224
283163
263011
206713
154505
148480
187339
241981
253956
229895
224547
239420
255754
271758
258809
196395
138548
155866
258011
378120
428212
362258
221464
112584
109631
204142
307404
365755
394010
393844
336466
253022
194096
157571
146800
193591
269664
321928
351005
360952
327205
267465
241683
233969
219743
230219
268768
272586
233511
218085
240539
239013
208851
209345
248242
287075
293582
242799
146285
74684
82127
153756
240157
317624
360353
364311
342336
300309
282423
324100
388267
398367
336820
242521
178544
176976
185607
176508
159657
166947
215322
240340
203259
177976
229708
320600
373623
348345
263454
184579
184570
256260
329767
335085
272468
231050
266782
331966
327486
232913
136392
117788
188672
267534
275936
252970
245762
239024
218196
213434
272630
376249
434807
385927
297036
261577
250295
202059
131875
103105
152626
261036
364726
399634
353433
247613
133738
76650
103902
191256
286538
328422
314498
276416
229573
210610
229904
268827
289579
279878
265463
246247
218250
204739
249382
330286
353817
292110
229882
217833
226383
240633
271675
290445
277439
241175
186405
141266
141403
214113
327134
379013
323981
236330
228496
302916
352696
342043
314747
273723
226196
214212
247334
282999
286994
256994
189047
130696
145426
203963
212480
147873
93331
113167
217234
358033
444350
413630
317099
247748
248646
302122
327304
274948
207152
208571
258809
285924
251876
196337
171566
195434
254019
278921
242431
188755
193186
273166
359373
376181
301991
192929
135909
157403
217485
266345
301864
327534
336798
316069
263917
246409
299537
369965
381123
318760
220997
148593
129427
153548
196492
235877
272775
299790
299176
259883
221876
224449
223873
177356
124938
139053
210644
291781
341204
321417
260837
254523
329459
378070
344862
299385
274063
251814
215462
181116
173833
195362
240314
263240
250796
222063
198487
217504
251238
255240
258430
277575
284331
297701
343706
361906
324410
288640
259837
205906
155791
154430
204038
251747
279714
310282
317231
287494
257338
234662
193928
177326
220033
258495
266109
275828
267856
210695
166098
182545
213777
232314
275778
339493
369591
330759
242029
165887
158351
242733
360361
388357
292176
171150
137811
186037
234078
250138
261212
303158
370804
418730
408178
330136
230692
182798
204344
229639
219656
209425
215984
194856
125018
73857
120630
224335
282458
277285
258159
279085
325247
349245
337835
327782
350113
345335
277220
187060
135959
164804
227699
267087
257290
209916
202684
272585
359576
377829
326866
276349
262885
260827
221830
169155
143849
162654
211112
227665
209847
217843
259642
305117
334191
319107
273835
226081
181853
155551
168816
237488
304027
299377
247912
230165
258172
291146
331029
358846
359722
347591
311032
273646
270401
267168
241819
223678
234971
256348
242749
180476
128078
129820
183625
271442
342905
357441
319654
247696
176648
170990
237800
301951
312700
290720
270272
256269
243050
227405
209414
182883
162541
150554
131370
139465
186888
251154
296416
326484
367341
386657
349456
275686
247623
295161
329260
287079
236088
257696
319553
345730
308525
241969
175294
112605
79307
97362
160564
229557
273850
320253
390015
439454
403179
298946
216082
226463
292374
317560
298124
288469
291289
247499
152763
96148
114736
166990
210962
224650
213267
207437
252109
314791
324343
293448
277394
308854
350481
344305
310847
278869
268730
284525
267286
188818
125965
141380
205313
242208
212272
163285
177513
235559
264020
281614
334078
398210
410656
334245
211891
148645
166892
190969
185943
198336
237790
253841
260747
299737
319262
261409
184531
198709
300564
364854
343750
303811
275307
224888
159238
152013
197625
219133
212316
238822
289412
290967
247134
246152
317351
371708
337103
271206
235600
213482
185210
170266
205551
273094
325467
324687
294255
292199
304747
299497
256140
198978
193064
242014
260607
200050
153667
204341
297668
327402
287984
258740
261633
245607
214575
215380
221512
198776
160863
136223
141567
186834
274473
345411
361339
340168
303121
259241
228160
261353
347741
402436
358524
267004
229283
252890
252231
182870
103051
105966
178042
225925
223679
243671
327078
407816
425175
386762
301518
197341
155856
197355
261879
299654
278612
224788
178002
168344
214168
280420
287872
209773
130966
156220
279608
390627
406302
325055
213172
154682
161398
188371
220907
258053
269779
264129
279853
295461
292576
299007
310928
276392
195299
161241
191826
208745
187650
177528
221090
286628
342097
370031
365363
326166
258510
227173
274569
356308
386271
307274
159989
53752
78173
208298
308691
316143
273506
242353
258899
300113
296264
231137
189566
203616
231302
262601
274697
242066
201919
193550
203307
219336
265470
313826
311767
265798
226527
228213
281263
368126
417929
356752
213167
96045
81104
175859
311774
369180
326989
275215
273489
300478
302370
248742
180566
141733
123877
121658
147173
215936
285665
319419
314920
281411
277164
327978
357849
297279
200237
178508
250513
312635
294414
250034
242020
241250
222664
218861
231820
251180
274840
294169
274149
200489
134564
128554
181948
281676
398290
467504
444951
345790
224978
162830
185186
226629
248721
263507
269290
250639
191716
112112
66635
86044
156805
258526
337651
344740
303417
275679
308808
364904
398616
408563
370379
301827
264861
268499
270076
242922
206071
183399
170136
135546
104525
134194
203937
229873
182519
133209
168042
263349
323592
340530
332790
294380
254718
282629
379555
448967
405832
294970
200751
144867
150000
193842
212114
219610
257508
285345
272859
244494
216592
217477
242485
261288
284958
326889
349843
304680
232777
219672
249164
250277
244589
277762
290372
235857
196231
241531
314729
311287
250273
225320
244225
232945
162531
102863
115044
204538
313842
359406
325896
252906
193138
205945
274765
310368
271837
216900
225584
304493
389435
408853
334208
233436
190770
184839
161415
127720
124796
161973
241463
338472
367706
295901
206700
199600
285712
384570
397738
305271
188195
141879
201872
292437
333988
308623
241501
206912
225730
275380
330297
349101
287613
166856
92670
113341
202542
306658
346785
297007
236095
240954
260804
226258
186558
222067
306831
332212
291035
261256
237296
187927
143491
169802
259522
311132
299266
277587
252052
233838
253243
276906
267673
226034
176359
181186
261728
354616
387886
347816
248205
130912
71234
133064
280412
388140
365612
267661
194835
197055
262906
306840
273453
229387
250773
286335
290434
288411
266573
201768
145957
155957
233633
329516
356627
284444
192034
162467
200340
284494
373717
387870
300972
190111
150149
212078
300552
339581
336012
300695
252762
245362
293189
339403
326865
246729
168858
167457
217802
221489
139444
49904
46313
157461
317692
411521
377455
295168
279956
327285
344008
280025
211523
211604
225617
185309
124718
134079
202687
248614
273454
311082
325103
298784
260285
225327
232349
295712
335243
295626
250849
268536
290014
269481
236189
229246
261142
307499
332442
312736
262311
220035
205115
178896
115373
66584
86102
186855
310996
362801
340598
305476
295816
294821
287065
306759
357141
385070
332097
242703
207542
225592
212124
135345
91777
122895
163312
180480
217493
279358
329700
348639
349518
350622
349045
324702
270988
222168
223669
257344
278390
263798
231212
206603
200268
209085
238794
298006
350485
356272
310543
220495
123569
100849
160002
238305
283891
299567
316457
332161
325107
265393
174461
140475
175131
208534
220066
222742
220592
247109
318042
381810
367681
303520
277541
300062
310030
282871
235957
194526
168753
168250
176548
165042
175038
213989
231932
218049
218823
254463
297455
350015
393491
382592
331426
312854
358303
402441
364593
267919
174313
108139
107602
159832
220118
271347
305538
306516
252468
189555
165633
189188
226364
251562
262397
263622
255729
221397
186924
210465
278512
316969
317941
300763
256876
204229
195903
238546
302776
364921
395157
372458
284121
177085
112935
102939
146499
216825
286425
341330
350843
305524
255859
233221
231885
257491
282850
286436
258787
197612
142988
133508
170324
222430
264311
314979
384625
426966
408830
345699
287355
265896
237929
165774
89632
65624
98545
153966
207818
278557
368283
418120
406905
377184
359177
346900
323704
289754
248501
177777
82596
19646
54475
169949
254307
269632
275177
302686
307952
259411
220390
226819
234750
229257
241548
296767
362138
366119
313088
264636
225493
177307
156635
206829
296932
355574
324709
223866
138693
148329
233077
314815
338234
290122
215200
173751
195037
280031
381478
427580
381961
300140
240464
201688
207660
270575
333588
303840
181722
77824
96338
225315
347636
360385
262357
155975
155828
250870
317853
308777
273836
252788
235445
203096
195488
237619
298338
334466
320756
247412
157545
138612
181993
234063
276276
278636
248105
212018
194273
228064
302746
359793
330829
245567
209607
249694
282936
269228
238410
198390
164886
166242
224197
304216
330714
307907
277911
270599
274401
252750
219868
238582
318313
358709
303834
240954
239580
276287
309355
299825
255849
203346
157133
141949
193427
299445
384581
392118
306267
182236
137767
212226
315070
324733
259492
220258
209648
180194
161123
190993
240517
249828
208894
191242
242371
294539
286414
264057
255111
236441
229829
262570
314425
327831
298592
260251
236288
255761
307085
339806
317633
236328
143305
119265
166711
229110
260285
269197
294656
329078
331033
272857
213040
224980
288892
328057
284068
203152
143992
114694
137437
223615
328660
373165
315900
200289
117469
127373
229060
340593
382031
344990
296198
294341
297831
261252
238531
272215
295910
277103
248488
220898
210523
217989
242236
270453
257336
212952
205976
238558
276480
312817
315070
286537
275232
269242
223843
159115
159208
219348
262706
260214
254946
264590
274938
271960
235638
185343
170332
235319
348280
401260
335550
217625
174586
217439
280702
309676
278221
243864
260056
283606
270491
229543
204383
207166
229853
264529
262454
203147
143450
165712
247557
317292
345505
339355
309681
277367
254892
231253
230709
245003
230447
186940
164949
213311
285325
323098
338311
351540
349736
302019
240204
200168
197534
240142
284139
264832
200208
149178
123253
125963
191437
310258
404304
414122
336220
222622
160381
169414
191532
191468
193798
246037
339831
408264
407829
360367
306946
259673
230103
225040
218006
203430
194066
168235
125813
134165
211723
269695
269594
272149
304098
310988
280315
249601
245304
255821
271936
288168
292094
274483
254104
261241
263513
247066
228502
232824
258362
269036
271644
281873
266716
212559
166108
186589
248896
298065
306829
296803
312755
339093
317334
254925
226321
239919
255229
267265
275851
240786
158999
127488
201447
299102
304630
225546
181980
217327
261594
277153
271811
264453
258828
267141
303569
326697
307086
256383
224694
245064
286615
303479
276778
233674
207729
199712
171603
115779
102156
147714
224226
301796
320414
264146
209934
243525
317595
334897
295764
273812
312060
347053
325603
297306
312194
339742
310954
246196
216063
224342
213867
179219
145687
117182
142296
241522
345514
381756
353457
304866
236729
156673
140782
192193
222895
209578
222976
299182
378832
384010
303869
220530
195146
231894
305837
358546
350120
279846
197121
151722
130910
115196
129759
191102
275360
327835
308467
250152
235536
302381
399949
452226
430911
361148
267700
195125
182241
195694
172060
122145
120596
155932
174234
198011
233565
239274
218960
227038
303514
414807
488979
480220
381375
262568
188477
151653
139934
176276
230506
235932
223281
232401
251146
273372
278139
242837
192865
196128
264745
334053
346620
330676
343940
364693
329904
264193
240581
255050
236347
182043
134450
96554
82842
138198
251265
311501
270427
226611
237605
258453
276633
306833
318014
294909
295174
341908
355335
313004
283639
284219
246020
146679
63721
72539
173775
286584
316025
272667
221723
201530
215326
262831
309772
300499
251836
239818
304598
387071
388725
318958
241497
185476
181149
215718
261222
300480
293402
229755
148982
108540
157961
268577
330161
291971
245871
264340
291193
268212
250425
296559
348564
344091
300216
259117
221505
192795
186118
169441
128537
99928
115679
165616
229606
290490
330060
343904
366530
421879
458223
399166
259494
143895
147819
249231
318048
297845
248342
226881
233327
240432
236226
224286
211193
186050
158670
136910
123670
159264
245391
298445
269981
245569
293471
337315
306022
263811
263679
267701
278503
318390
325658
253351
168100
165220
225354
286558
330192
317620
256085
225073
260112
313176
328272
280257
194503
132786
151868
220208
245739
211631
176144
188463
258531
350185
409258
390199
306773
246849
245867
253894
243564
252502
292251
330985
336786
282494
205785
156585
136802
157235
193285
199719
187578
189911
213158
261821
308124
315650
289485
256465
248625
290434
339836
343025
297858
231472
184151
180563
232374
297207
327914
303754
233793
188660
218573
266107
248308
188579
169485
206872
277690
359015
410202
399755
336886
240973
140973
116099
191677
263693
266582
248239
255139
271356
269937
251115
195565
106016
57113
120945
243974
300265
276056
261496
276450
279020
293892
343870
392936
399072
333707
221637
155654
171731
232744
292044
286018
206364
134961
133051
182212
236151
270999
282067
273511
271801
322567
412593
444020
367190
247367
181419
221174
328264
405442
389908
305062
215033
140573
105609
132258
160183
135415
117541
153843
215414
254301
270129
272127
251523
261579
334860
398243
360466
249178
171898
190540
254281
302394
331466
328112
263081
169408
138688
173043
201366
194653
182445
222698
312075
365223
326051
258896
231294
233688
245618
264092
305506
340676
317359
259386
240804
266136
301328
331660
316851
260282
204414
167376
168133
192802
222462
236624
226864
205731
183455
187826
252684
364465
440430
405247
308199
241183
205102
169615
171132
233931
273252
232571
186326
181210
183784
207867
278727
348790
334448
246653
203090
252886
307468
312883
303838
268488
198167
157204
189890
235230
222503
187485
212375
276014
292830
252299
214754
228211
280518
349952
412178
404801
335125
264846
235334
224863
190890
148819
130175
151182
216644
303391
339512
297688
268903
311221
351619
343705
329126
330099
314083
240700
132639
73087
91528
154134
232677
303953
334375
286118
177544
100655
140132
255317
324928
322633
305791
286239
245693
230786
266907
303883
290902
237511
223961
275808
314447
301392
283906
282586
254369
203017
162065
138294
159638
233370
286983
255369
184043
163039
218755
319633
397602
388224
303300
229030
252380
352812
422276
375289
264975
204194
205173
206356
164688
107017
115472
204804
270814
240819
191701
211104
283343
330061
335401
337468
320750
286892
251914
213269
173351
148173
157667
195743
260248
315242
338861
335911
292426
224925
185369
224833
292877
302506
283188
298718
319369
309664
293678
265501
230498
234748
275971
284495
218674
150121
136456
139591
131632
140490
204123
305195
361681
331634
293305
318130
354167
353416
342642
337067
310063
225680
114236
72495
134142
208477
236588
245359
236770
218949
210490
205441
202477
240197
329820
379025
319949
220427
202805
264433
326769
343195
321490
279482
217331
172920
203545
295521
359706
322836
211568
127099
154365
254539
312281
312832
313985
301170
242850
200728
230286
299065
349908
350971
280155
165808
118010
181443
278968
331409
320007
259110
183684
133636
140618
177694
190672
205325
260143
307067
306946
278377
263778
267589
279490
285185
260481
248309
282885
300956
242225
154387
123710
179692
289372
370329
354850
296757
284041
295924
287109
254684
224805
211050
227032
271619
277312
219865
184485
241060
337873
379190
317676
188841
93003
122263
257726
375997
362688
242248
163013
204280
290968
312405
277072
259690
278873
300864
295379
259101
182945
87084
43449
82176
186303
307103
366034
345102
277483
209236
210513
282078
336155
340044
339840
347237
316491
258817
231157
237471
222790
163078
108411
124052
192469
260000
309089
332362
310646
266068
252909
266548
276728
261020
221907
200234
245369
343634
399736
350919
233687
132144
104270
143263
204013
249749
295073
357125
385805
356955
297983
239227
226876
247796
252981
258062
291958
326554
298866
229640
172335
130973
110465
126363
176894
240221
316218
390493
396881
338538
298205
300703
283449
236392
201708
203427
236909
239144
186067
147496
157564
202492
264751
301363
267185
180863
130688
191091
326590
423404
419329
330854
235806
189246
204102
263613
312020
292507
220233
158453
154712
187112
199622
212454
238933
244954
232931
265632
351131
396177
377117
359238
364503
353772
288316
217747
199301
204645
202023
178548
143731
149661
220688
301079
302235
242808
196992
213194
282173
346582
361769
297196
185900
108402
108064
169532
263075
353339
398445
366018
285768
214443
176963
185092
252658
348817
368638
283584
207311
210198
256983
280341
274887
274304
278908
254832
184754
115043
101016
164855
287799
399295
411450
345725
297928
268837
210950
144818
131454
195317
274854
320931
333144
289878
207973
177095
213062
244313
264088
283443
294788
278791
229371
181360
163886
186753
254385
353159
425788
402421
311915
224045
163620
158218
223767
312806
352871
329547
282376
244870
212859
168477
141703
155844
200091
259455
297693
265301
167989
98089
143790
280540
404006
435572
366114
238243
131485
129616
207086
282990
307383
287695
281118
300977
289817
214817
141227
168815
291802
402163
415415
327805
202659
114557
106662
188375
310183
361647
300645
229515
221469
260945
301843
300449
279851
261077
246047
228197
204837
223148
299109
372825
368257
303916
251211
204791
144977
125052
158546
181822
175782
178786
217476
267923
312883
333643
316664
307012
321606
314032
258745
206908
232772
324788
390481
342212
200045
79653
73067
159546
262200
329159
315479
236301
196710
234641
271875
259858
251172
293827
335864
342540
343744
337612
297114
214265
128141
116594
197956
291745
295760
228367
168338
160752
189439
228049
263685
282454
269242
227281
219108
253377
274304
291209
337468
381752
346396
236175
164089
195266
254431
272528
251492
234085
259583
308140
325020
266398
175288
127650
163193
260065
346943
374304
334856
241395
130861
77726
142898
283881
387842
368740
253362
180070
226845
332239
392960
364955
266514
178373
171978
200861
209535
193056
186146
193142
179757
165409
197105
263069
329740
388155
399302
366972
348784
354661
333224
246418
147460
131811
196430
239446
209110
171747
177708
220337
282608
316835
313172
305202
288498
269225
275271
286913
277152
236556
178993
168395
221569
264627
268937
263242
268694
283353
265061
202951
164028
183786
245089
317527
359426
328010
264318
246312
248462
224792
198564
196598
220662
244291
259209
265906
276615
308103
317940
289373
238058
188112
192063
246668
308146
332310
292557
235173
230723
285070
330417
304955
241922
209688
220080
218722
194591
166529
138141
160891
244741
311841
319756
287901
273607
300579
313195
282774
228788
179904
164805
213469
286657
324577
330245
326389
297410
231211
198439
232019
256558
230364
220974
277021
345215
338532
251436
186883
193969
244651
283938
287560
266536
253827
278801
290211
270625
259640
249305
236625
248180
283574
295841
233417
121440
44497
52349
120506
197750
252371
281078
308076
343575
387932
415093
410750
393250
373117
356469
334888
297775
233586
144028
64378
58202
130108
194114
214302
228521
252600
243699
191142
174207
216784
267578
285508
269639
245831
242294
289885
370554
412218
392323
328826
250740
217087
229439
227714
189804
162728
174284
204422
254841
298925
297112
284005
293502
328684
375116
402207
388327
336906
272339
193387
116769
76971
100119
151517
166988
183843
245166
302998
312434
270575
200533
150058
166882
262832
354582
357727
320960
322392
327304
292563
265993
282095
308583
301817
247709
189257
170395
159274
125920
125355
194012
254654
238841
183177
159773
192538
252681
305820
338872
375178
402041
382711
357348
368737
383246
365480
333369
305495
271107
209999
115263
19304
4515
18123
100406
218862
314768
364123
390886
383944
355440
349667
370975
382233
350218
266044
173717
120938
126147
184507
239170
217659
129312
58977
67689
168688
299989
378981
365793
291579
258204
302469
373212
403556
350760
249504
200359
243128
306322
294042
195324
89731
61982
146059
281731
350744
335314
312026
295722
275295
256405
261022
296795
305586
247271
160856
116290
136702
190780
244617
302378
350840
369070
346599
291262
268665
309396
338470
282060
180673
130849
149972
181517
197454
239326
319708
354770
300395
240466
229570
228269
219365
252970
331939
363922
321155
253428
213068
199364
184077
196377
232048
242239
241544
275233
326142
338432
306364
260659
195937
119014
107046
187773
251683
217713
149548
156867
233245
309373
342595
344000
348797
337093
311790
308407
324627
320334
251289
135740
54599
86685
190516
248611
233463
225672
263721
313591
332693
303577
275737
303523
349209
349881
305370
271130
260500
237412
226542
268902
334636
358616
318348
227678
152194
160331
221305
239845
206099
182937
176420
181504
197369
225455
243926
226443
205013
226927
282653
343148
400422
428484
397618
298937
167964
85095
117810
234618
333593
346762
260910
131355
57400
112691
243865
320962
329423
334613
330319
285171
229086
224278
261293
299732
315742
315119
325218
339170
336380
299103
219887
153759
158160
211787
245118
222057
186436
191488
226204
229672
199797
169608
151761
184207
249932
287954
313814
363674
407918
400012
325145
218814
175175
228107
284015
284810
267218
266462
274963
270270
253529
235202
218470
194492
171192
155495
167666
222638
258983
225476
170826
197408
309923
391902
394615
366622
326532
288095
284367
302244
301879
273678
209471
112088
40648
63661
158672
227787
232102
221278
236418
269993
307525
355357
393917
401660
412036
445449
461588
423517
337087
215990
102009
40032
33763
73170
146460
208439
240142
266912
275571
261835
237413
208572
193123
210094
285399
388557
423347
369584
289017
241398
227895
229767
233347
207318
158948
140854
173313
241429
316180
342433
309403
248629
186769
160302
208071
285721
311698
306491
331875
373422
349531
243620
147582
155609
236796
276067
232138
171543
189156
289587
382889
402379
352050
256074
161550
120811
157444
220899
243963
250772
272056
264796
207983
181644
248003
348001
370318
303283
240273
235324
244113
213585
167136
181446
273348
362161
349238
245267
144758
118038
187612
305495
359401
303963
241768
269418
349102
392312
370682
309889
247462
200564
147036
80252
72202
155476
236972
262779
276875
299765
288117
251201
244020
250328
250752
271243
293347
284727
252044
239585
249163
266933
304602
321660
264720
166717
142356
197053
237072
255521
272702
292057
293526
265121
259976
288966
329068
354003
318256
229940
179323
204899
264646
316712
311252
257496
205855
196620
221894
237090
249037
274333
274526
248578
239036
226215
177511
131592
149156
237298
315383
323231
290371
285856
326546
342376
308639
256151
223872
237542
250714
217733
189398
228156
296488
318317
256706
147187
80362
112866
229948
355530
391639
321762
251703
270305
334239
338442
278666
211069
161305
174315
250493
291173
230875
148373
159493
230474
260191
245678
258149
294205
299649
307689
350366
366114
323369
262222
237682
265553
299341
278608
218687
163496
129568
150544
213483
254840
265566
266728
250454
218582
204659
249226
330266
384358
373693
323339
284587
270301
251931
211629
183226
173396
173360
197652
211413
181062
160258
204487
266201
287370
292427
297503
306044
330421
355423
330287
255819
207232
202583
194755
175282
176412
222822
271234
273896
262411
265380
290799
314201
303065
287929
281380
264573
259646
277397
295275
278138
226186
204953
229484
247331
252652
256004
244026
227043
245550
282807
301592
290871
279174
296286
289046
221037
138474
111387
170278
259629
299758
295458
280402
264140
247768
251198
263411
247897
216124
200617
215531
249385
287674
303272
281917
281902
343228
412187
412453
312800
174435
114577
155073
199463
181005
164335
217274
291323
301376
260011
219181
178896
154097
200392
304822
355393
301249
234731
221548
225385
216810
210997
226383
277712
328681
326017
298557
284370
283163
275024
254125
230340
206027
200405
244358
305786
333438
313726
279896
249981
216489
215398
250886
296162
324675
327647
323322
314115
289760
220018
120897
83705
128955
208229
282075
325388
325598
291284
251805
198187
129375
87757
98811
147598
202316
273461
334344
330660
286309
288578
365659
442698
447623
358621
224424
149496
166083
225320
272417
286670
280370
254442
192237
108580
68786
130722
245851
330135
348114
326983
296255
257033
232445
235143
262811
288712
287925
273268
264412
285727
307918
280855
233602
240683
293941
307662
287886
290760
284329
242288
214129
211812
210501
194964
172682
179965
215244
268106
327652
337702
291342
238342
227607
251990
283040
314779
323955
272238
170308
124358
177232
226657
194663
132794
146008
225975
302498
352507
350163
315879
299387
283264
237184
203568
209789
212480
194098
190155
240969
301321
307883
290731
281016
272164
286700
312338
303024
282063
276262
273788
275629
291987
316205
298463
231318
187688
201932
225702
238334
249388
255023
257240
268671
290593
305504
297286
247749
168113
134076
189165
256406
257011
230820
239339
244941
204380
183103
240911
319507
321824
265947
231839
244079
276703
276792
241925
196406
149545
119967
128459
177985
254728
322915
344258
346499
368351
401463
417190
383346
305316
216617
152331
161790
233009
267541
220068
162731
184960
269262
307498
260037
215064
221868
242361
275087
304015
288577
254081
239552
237448
235512
247340
295186
341935
347143
313370
270822
250016
251367
273905
294183
255219
159751
111917
169957
257070
292988
276768
226516
184093
185180
210046
210972
178071
167911
235236
352044
425239
389435
296922
248333
262479
283920
244798
149934
96489
151202
254975
283485
213416
166472
217576
280808
272333
250656
259230
265464
285095
335691
384158
394224
366420
325918
286944
252691
199108
122038
97662
165593
240637
256901
238418
233326
253917
261098
248385
258197
279819
289480
275845
238232
230970
277258
330897
320006
240519
194576
243063
312603
302540
239430
193006
191677
211080
200473
173954
198057
277789
330815
328860
294689
249625
233762
251628
287000
328440
353391
325579
263053
203450
158486
164858
210346
258026
290947
305075
308804
300849
278708
223375
144885
122868
190355
258207
258694
219646
211696
259553
324460
351059
303639
236218
219061
236476
257583
276384
257416
176251
101083
133808
265692
385136
413688
369762
310332
270080
251475
219351
165909
126674
147502
224254
271195
261321
224507
190135
205991
257587
278697
254287
231672
248481
296944
340054
361392
387577
417816
387357
276157
158162
116131
156415
213033
241080
264087
287747
298111
283149
246691
244925
308399
385300
400062
315494
181136
117964
170825
240256
258385
249365
211598
144861
120221
162727
214348
231572
244223
270065
297215
332097
363124
365723
332289
288273
255835
231869
205394
151134
84373
50393
83906
180421
252489
247943
235476
260992
305885
353826
369325
328306
294498
331482
396728
400812
340297
285409
259085
211867
123419
54876
75113
187713
311312
350086
305962
248566
236359
259204
288185
298152
278154
277666
316675
344560
311517
231739
180575
183732
218190
239682
209686
161965
180282
276761
339839
299030
224984
192571
203675
255841
310916
313548
293071
289737
305351
314506
292923
246468
221690
245192
261834
246768
216620
207623
232587
233235
187230
169735
232138
303470
322960
318606
311764
272656
205759
159989
172097
214766
255821
291561
280460
219391
194521
249656
300610
298251
286358
262037
198966
134780
128668
187862
253772
277282
266586
260975
309696
400968
438076
379907
314327
307189
296761
226322
146555
116639
134797
195945
270749
319792
335475
308102
262459
226858
223292
236789
227035
214475
229856
255282
282826
321656
327440
292634
277016
285239
252887
162328
85104
77925
122985
186488
275405
376223
436287
423309
336939
244118
225193
275915
316871
266857
147719
80197
116891
206707
288742
328517
316281
246571
152122
103926
161469
294546
398370
396264
320948
255812
243122
269380
263964
192291
112494
100508
180008
283318
346198
373799
377316
356964
304643
228566
189318
225165
278541
262597
179473
136781
193448
268703
301567
312226
297305
261102
235142
250762
286339
308507
319709
290290
206936
132603
152883
229749
257459
233238
243760
317083
365953
349341
304642
251520
203269
206439
279608
347479
320740
232736
156799
106222
92911
151006
243724
302055
310375
300256
309124
315211
288432
240919
224800
246146
269066
268591
257548
262990
258490
215616
155465
127548
157839
241387
324947
360353
334122
269777
250467
312841
384128
363396
274722
202309
163201
173385
236514
300411
278033
173166
87330
87968
183415
315625
373283
318037
256572
288546
364627
369301
298187
215661
150727
118712
128897
167455
203627
227947
244508
265266
321620
404814
445890
397639
320292
294043
285636
263119
254033
255629
209656
108708
47108
67592
120730
172714
236524
323448
398172
399956
343920
303711
284794
270018
282273
321623
344571
315551
222498
99392
25708
72157
213810
332628
333982
238891
173651
210251
268150
255450
203119
215746
308399
371903
328477
223645
154258
160670
220349
306592
361585
337393
266882
228262
240031
260034
281630
301597
302130
278451
265155
297156
320332
279156
219701
203008
239809
272260
247493
191791
164327
189582
257044
323927
358642
367686
336512
256386
195005
209404
243798
245617
219851
199823
192684
174612
153264
169037
211365
226271
222738
260295
337462
369146
333133
273343
208314
159742
169076
249559
316668
300960
267367
284774
304223
286116
246107
198967
189265
225933
283479
331788
315176
234897
176610
188009
246943
291075
276346
255280
290542
358181
382696
338639
277922
248581
222405
159957
89055
64085
104065
195524
282680
335543
374159
394066
365559
312654
295433
308607
285592
231509
212166
227796
206928
129901
88738
144636
225172
259176
242555
206314
194963
218178
252168
277817
311788
348497
353160
326810
326719
382953
436090
420025
315788
178143
82567
55733
81052
136375
215506
293919
344986
364407
348922
316443
297704
292259
257795
208434
199864
207340
198522
181302
184928
196008
176384
149632
159311
230620
309149
322193
284875
276282
314155
359275
379823
345475
295185
291665
313051
306056
256460
174961
95157
86393
142429
188486
219881
246115
247012
236240
249624
313982
406539
461610
434986
324400
195375
151120
188482
214760
199949
206101
261660
288856
240493
171226
175978
269661
364462
364174
286091
203884
153842
170582
228958
281437
312174
291771
225792
189753
215176
261916
301717
324935
308224
265618
221682
184022
194505
254549
299678
274611
213242
207174
275498
347581
334680
246450
163468
153630
233386
330982
346115
280068
208797
170942
191267
264166
315488
308176
286478
268473
248601
216120
177229
179275
239653
314131
319558
241019
186170
224699
282056
292384
261534
209061
172937
209789
314829
398875
390447
290704
165942
95069
104301
170342
265594
347433
358051
298808
254261
268841
309049
313268
257799
192903
184000
224806
267182
301436
307577
268171
226112
217405
249137
280306
262021
218423
225188
283434
306251
259669
196006
184845
239021
299283
332775
340571
336632
329690
279476
176970
90969
101282
184179
237804
226541
212391
262084
347373
370652
318541
249555
219718
222436
212563
204195
205621
206203
229901
289114
321647
272015
188425
149317
171962
223183
273066
328874
362412
344927
321631
310590
300638
300030
285794
230320
164695
161745
209018
233258
215438
189789
189315
213843
259302
307790
344525
362786
375476
394427
374735
312446
238225
172056
157279
188027
225506
226627
182712
163374
190318
241783
294420
302153
275822
274081
309445
327066
276387
197517
146730
126221
119217
127165
161122
227123
300876
355035
370755
337785
302791
291238
276743
245010
219284
249203
331143
385887
365582
288665
204476
171959
208696
263918
258162
188322
119140
100614
150490
258548
370024
397340
344325
272691
209017
180514
229758
342699
419538
370587
232116
146342
179698
244544
245398
192022
170929
197781
217493
235534
254558
244093
213400
212459
283686
392773
459260
428218
308012
171773
107688
164952
289751
371060
336293
236976
168859
167122
211860
263317
295096
286346
248616
201067
178288
204263
233868
219162
200757
230797
284128
315971
288909
221476
196738
251865
328825
330324
266638
214081
196657
190392
205582
265043
325548
314621
224704
135791
144452
239348
323477
329304
289399
288177
335279
369510
328214
243950
181830
181467
238577
272869
254478
213192
197352
205561
203422
227779
294603
335870
322876
302687
292048
263037
239218
258597
273690
259152
249500
239045
222772
225887
230403
190229
129434
124362
183846
264022
310569
296518
249828
223112
244857
293939
352819
391196
393024
372737
347812
322780
269880
200478
147921
146002
207040
284014
316109
282241
216829
172527
149389
118785
97348
131840
201474
243623
258020
295848
367596
409007
397923
376755
364584
351260
317747
256756
199281
175091
154841
130851
135058
146860
128601
102600
138698
226169
305898
351490
375687
397281
406445
389405
320542
211320
137703
168380
252017
274296
214329
145094
133705
192533
273611
330362
338510
301331
266906
296039
380249
423271
381709
294036
227153
203564
211081
235051
249410
229739
199279
189166
174639
146173
147197
187652
229910
258882
294761
322476
307599
274990
291281
344755
349580
290319
254566
287264
306444
255795
182938
170694
235574
307681
321288
276307
218717
164379
138892
174894
237518
242751
166644
95812
130434
239027
307998
324627
349715
388124
394469
338170
235530
139778
111057
184247
308494
353508
276005
197591
217089
268711
279314
250561
206231
176925
191821
243689
284766
313746
329551
308147
260728
237773
283973
350073
375311
346875
300814
272024
241853
204839
194049
205314
199248
202312
246464
298593
321082
309628
277118
221787
182076
201983
229789
228496
220621
208380
172927
140729
177140
252927
308610
344802
361600
324898
254513
211270
215201
230090
239649
266508
301686
312616
279020
206985
154324
171470
232890
254313
204928
173723
221702
303056
324686
266777
224918
241735
263115
254254
241344
268942
316184
352221
366742
349606
301224
268202
291609
301295
235305
152033
146447
202612
241255
236812
219500
238084
279001
315890
348033
337931
272365
228068
252252
273354
228542
157978
134053
189461
271522
321861
316559
281415
269492
273087
246494
187561
171274
216787
256350
242990
196285
173202
216601
298932
356890
365792
321299
269343
261007
254780
209097
157053
139177
153326
195536
241156
257633
277889
333865
372524
359248
331495
292246
224579
180224
203092
235374
214028
166776
158882
224787
324600
367048
311108
222693
218560
315178
403830
374588
246265
150730
141961
176438
236177
312104
339787
275277
197060
204706
285578
344804
306458
208890
159525
180166
225428
238840
203877
187618
230538
297255
342943
354814
332416
265400
204733
208191
234089
238618
233989
232638
210369
162923
153639
194995
247697
277812
296158
326793
348357
321282
240220
160013
134884
180872
279523
348454
328414
276115
280439
341127
388897
381372
302829
181818
118357
140805
175746
182258
178071
188480
222523
264169
284329
283903
303236
342107
367910
354657
310580
300021
343263
360697
286801
174156
114559
151562
254012
330320
321583
233696
147302
122879
158802
216065
239398
212656
172804
195672
279040
324038
292736
253789
247953
240248
224383
248663
297576
324478
310581
286433
289414
279332
227495
189041
196446
203228
186732
201552
245706
253820
225875
242858
331980
417691
431067
355529
258373
228933
262302
288761
243807
137558
50350
45276
138679
262953
343907
367336
333674
283464
252929
258323
277706
283758
275198
269173
288427
296833
276572
249837
233161
210796
156759
109931
130834
196968
234954
235602
258385
308623
353110
361522
316283
250933
220585
266035
338195
369332
343400
294726
249039
192389
148609
171470
238203
288253
282000
220314
154519
139776
196237
278500
322937
335357
328938
292118
247027
260438
336519
380567
330253
252704
238341
265125
247943
196536
180983
210927
241595
231547
197153
179619
187743
182995
141263
132235
203758
277462
297266
294344
282893
269385
267286
287565
317852
301904
222001
140873
120635
165485
260011
361721
411623
370621
263774
176234
164481
227425
306394
358574
377999
374133
367186
355394
329619
291669
252687
201142
128607
96314
139574
186241
186481
161093
145337
171392
250953
357207
427956
399020
293552
226196
238610
288579
335139
323190
265756
234442
242883
220993
143266
109378
174772
245250
253860
218649
169727
145607
196179
287143
322860
297333
293221
326656
340385
320115
316829
346114
339440
265686
195794
202637
264192
286284
229149
179582
208171
250271
236543
184767
150922
193874
304591
402481
414021
322109
185882
103951
140509
247040
333067
362980
331680
267861
202490
174376
185244
210308
238773
252421
229789
171480
135652
187755
309563
411404
422624
351954
242606
148430
142385
203894
238140
236059
263022
330132
376618
360390
285500
211988
188790
182313
151746
122523
166254
282889
376039
358812
267290
189643
158195
170465
210377
259794
319280
366617
382872
362597
305469
236492
198634
234763
315157
367188
339935
234323
116358
60236
95192
206308
330522
366139
293247
220840
220341
248020
258353
278172
335990
393187
396302
340571
238729
125072
77301
142165
254971
291044
245660
204334
186931
194026
237162
264364
232900
211992
261848
310409
305376
292855
297290
266311
179286
111245
126810
196585
273440
347074
398261
399318
355580
303526
263628
209182
128749
71081
91101
186190
295769
337720
306761
279086
279296
296837
331325
351841
316872
265541
264053
282209
255611
179396
106816
88341
141089
256728
374527
395750
309050
204015
160174
196324
290376
362608
354834
322336
326126
332063
305859
276216
244948
188594
148969
157713
192761
213186
218996
217531
194897
196180
261660
328638
313277
240384
217948
273729
341665
340856
258494
165207
127917
155540
205667
246758
296252
332986
317441
290056
281077
270364
272459
295392
315789
322021
298840
246242
189685
173481
197213
234932
275443
279143
255521
249229
239981
196039
170795
203263
266588
323166
323535
286065
272850
283376
265949
224109
194956
197706
217442
241352
274066
282054
254173
203849
155612
162396
211143
244438
265333
280721
273666
275941
304072
337363
346603
306653
236002
190553
223893
301194
325304
266750
197770
212678
311171
406329
421137
345217
250861
199247
176724
173863
207160
260963
288288
272493
224867
161379
101645
74524
101170
168929
262344
339985
371065
353981
306623
259109
229076
234126
267490
320821
364229
344870
286302
236102
221745
225760
224247
220143
227395
241826
259140
288260
284783
223724
180975
227593
324691
374210
323299
236537
211183
247771
255067
190220
140725
157899
214162
258883
252265
229509
252821
317799
340023
304622
276080
247901
193976
174314
241677
328376
326779
261498
224869
210665
180013
166693
203947
242544
259899
264040
249082
256000
317925
390630
383529
312142
265089
236516
186911
143101
167995
227587
237869
207727
204284
242539
298510
338733
349452
331820
283183
234226
248374
331805
404368
402650
328964
225880
160219
166968
208506
202418
149798
137145
191301
256526
281740
266246
215636
167726
158473
174603
188903
192085
212849
271352
326625
351182
374521
405740
406655
342780
256257
198183
187765
202248
213427
206916
192448
189678
204336
225077
246738
258130
243649
253087
318186
366748
335443
253792
195369
223311
325451
409517
383495
283580
219177
